0	1	31.70881	15	60	100	19.36000	60.00000	6
1	22	31.71720	15	60	69	27.39130	60.00000	11
2	52	31.64398	17	60	117	25.67521	60.00000	12
3	84	0.11987	60	60	81	23.33333	60.00000	7
4	106	0.11987	60	60	81	23.33333	60.00000	7
5	131	0.11987	60	60	81	23.33333	60.00000	7
6	133	0.11987	60	60	81	23.33333	60.00000	7
7	166	30.93771	22	60	119	20.40336	60.00000	26
8	174	0.11987	60	60	100	19.36000	60.00000	6
9	178	0.11987	60	60	81	23.33333	60.00000	7
10	179	0.11987	60	60	105	17.14286	60.00000	21
11	205	31.76200	15	60	103	29.00971	60.00000	27
12	221	0.11987	60	60	81	23.33333	60.00000	7
13	232	31.72366	18	60	93	25.97849	60.00000	25
14	240	31.60953	18	60	93	25.97849	60.00000	25
15	241	31.76906	15	60	77	30.62338	60.00000	22
16	266	31.49883	18	60	117	25.67521	60.00000	12
17	281	0.11987	60	60	81	23.33333	60.00000	7
18	292	0.11987	60	60	100	19.36000	60.00000	6
19	296	31.59976	19	60	119	20.40336	60.00000	26
20	308	0.11987	60	60	119	20.40336	60.00000	26
21	318	0.11987	60	60	81	23.33333	60.00000	7
22	407	0.11987	60	60	100	19.36000	60.00000	6
23	409	0.11987	60	60	119	20.40336	60.00000	26
24	424	0.11987	60	60	105	17.14286	60.00000	21
25	427	30.42997	20	60	117	25.67521	60.00000	12
26	444	0.11987	60	60	105	17.14286	60.00000	21
27	445	0.11987	60	60	81	23.33333	60.00000	7
28	451	0.11987	60	60	119	20.40336	60.00000	26
29	483	0.11987	60	60	81	23.33333	60.00000	7
30	497	31.72083	17	60	89	23.03371	60.00000	18
31	529	31.50818	18	60	93	25.97849	60.00000	25
32	536	0.11987	60	60	100	19.36000	60.00000	6
33	550	0.11987	60	60	100	19.36000	60.00000	6
34	552	0.11987	60	60	105	17.14286	60.00000	21
35	604	31.76295	16	60	96	27.81250	60.00000	0
36	633	0.11987	60	60	81	23.33333	60.00000	7
37	656	31.57685	18	60	96	27.81250	60.00000	0
38	678	0.11987	60	60	81	23.33333	60.00000	7
39	680	0.11987	60	60	100	19.36000	60.00000	6
40	713	30.30900	17	60	117	25.67521	60.00000	12
41	725	31.58045	14	60	119	20.40336	60.00000	26
42	734	0.11987	60	60	105	17.14286	60.00000	21
43	758	0.11987	60	60	105	17.14286	60.00000	21
44	759	31.33735	19	60	98	24.10204	60.00000	8
45	772	0.11987	60	60	119	20.40336	60.00000	26
46	781	0.11987	60	60	119	20.40336	60.00000	26
47	782	0.11987	60	60	105	17.14286	60.00000	21
48	792	31.58144	17	60	100	19.36000	60.00000	6
49	825	0.11987	60	60	105	17.14286	60.00000	21
50	848	0.11987	60	60	119	20.40336	60.00000	26
51	852	0.11987	60	60	119	20.40336	60.00000	26
52	875	0.11987	60	60	100	19.36000	60.00000	6
53	879	30.88987	21	60	69	27.39130	60.00000	11
54	893	28.61302	24	60	119	20.40336	60.00000	26
55	912	0.11987	60	60	105	17.14286	60.00000	21
56	916	0.11987	60	60	119	20.40336	60.00000	26
57	919	31.19102	21	60	93	25.97849	60.00000	25
58	937	31.63961	16	60	81	28.39506	60.00000	9
59	950	31.65694	14	60	100	19.36000	60.00000	6
60	963	0.11987	60	60	81	23.33333	60.00000	7
61	2	0.11987	60	60	117	25.67521	60.00000	12
62	4	0.11987	60	60	117	25.67521	60.00000	12
63	6	31.13281	13	60	119	20.40336	60.00000	26
64	92	0.11987	60	60	117	25.67521	60.00000	12
65	94	31.65072	16	60	93	25.97849	60.00000	25
66	108	31.66611	14	60	119	20.40336	60.00000	26
67	119	0.11987	60	60	117	25.67521	60.00000	12
68	160	0.11987	60	60	117	25.67521	60.00000	12
69	188	31.59344	18	60	117	25.67521	60.00000	12
70	195	31.64161	16	60	117	25.67521	60.00000	12
71	197	0.11987	60	60	117	25.67521	60.00000	12
72	248	0.11987	60	60	117	25.67521	60.00000	12
73	269	31.72942	16	60	92	18.95652	60.00000	20
74	324	0.11987	60	60	117	25.67521	60.00000	12
75	352	30.37227	17	60	117	25.67521	60.00000	12
76	361	30.83900	17	60	117	25.67521	60.00000	12
77	367	0.11987	60	60	117	25.67521	60.00000	12
78	373	31.62862	19	60	81	28.39506	60.00000	9
79	381	0.11987	60	60	117	25.67521	60.00000	12
80	389	30.95884	16	60	117	25.67521	60.00000	12
81	404	0.11987	60	60	117	25.67521	60.00000	12
82	414	31.57715	17	60	117	25.67521	60.00000	12
83	417	31.74288	16	60	93	25.97849	60.00000	25
84	428	0.11987	60	60	117	25.67521	60.00000	12
85	439	0.11987	60	60	117	25.67521	60.00000	12
86	446	31.69594	18	60	93	25.97849	60.00000	25
87	447	0.11987	60	60	117	25.67521	60.00000	12
88	452	31.40499	17	60	117	25.67521	60.00000	12
89	453	31.37962	19	60	69	27.39130	60.00000	11
90	456	31.12149	18	60	117	25.67521	60.00000	12
91	462	0.11987	60	60	117	25.67521	60.00000	12
92	487	24.64334	29	60	120	29.11667	60.00000	2
93	555	31.66265	16	60	75	25.65333	60.00000	24
94	575	31.44437	17	60	119	20.40336	60.00000	26
95	592	0.11987	60	60	117	25.67521	60.00000	12
96	601	0.11987	60	60	117	25.67521	60.00000	12
97	619	31.72448	16	60	98	24.10204	60.00000	8
98	626	0.11987	60	60	117	25.67521	60.00000	12
99	643	31.73771	16	60	105	17.14286	60.00000	21
100	648	31.72243	18	60	89	23.03371	60.00000	18
101	661	0.11987	60	60	117	25.67521	60.00000	12
102	667	25.72512	30	60	120	29.11667	60.00000	2
103	745	24.31460	31	60	120	29.11667	60.00000	2
104	748	30.70566	16	60	117	25.67521	60.00000	12
105	790	0.11987	60	60	117	25.67521	60.00000	12
106	829	31.57116	13	60	119	20.40336	60.00000	26
107	841	0.11987	60	60	117	25.67521	60.00000	12
108	851	31.74018	16	60	69	27.39130	60.00000	11
109	868	31.72639	15	60	81	23.33333	60.00000	7
110	881	31.51122	17	60	117	25.67521	60.00000	12
111	884	0.11987	60	60	117	25.67521	60.00000	12
112	906	31.71551	16	60	117	25.67521	60.00000	12
113	917	31.66880	18	60	97	21.52577	60.00000	14
114	923	0.11987	60	60	117	25.67521	60.00000	12
115	978	31.44372	17	60	119	20.40336	60.00000	26
116	981	0.11987	60	60	117	25.67521	60.00000	12
117	990	32.47734	15	60	117	25.67521	60.00000	12
118	997	0.11987	60	60	117	25.67521	60.00000	12
119	3	31.75736	16	60	96	27.81250	60.00000	0
120	13	0.11987	60	60	83	23.30120	60.00000	10
121	32	0.11987	60	60	93	18.45161	60.00000	16
122	64	0.11987	60	60	83	23.30120	60.00000	10
123	80	0.11987	60	60	96	27.81250	60.00000	0
124	81	0.11987	60	60	93	18.45161	60.00000	16
125	86	0.11987	60	60	83	23.30120	60.00000	10
126	93	0.11987	60	60	93	18.45161	60.00000	16
127	101	0.11987	60	60	83	23.30120	60.00000	10
128	122	0.11987	60	60	89	23.03371	60.00000	18
129	151	0.11987	60	60	83	23.30120	60.00000	10
130	154	0.11987	60	60	83	23.30120	60.00000	10
131	158	0.11987	60	60	93	18.45161	60.00000	16
132	187	0.11987	60	60	96	27.81250	60.00000	0
133	224	0.11987	60	60	96	27.81250	60.00000	0
134	226	0.11987	60	60	93	18.45161	60.00000	16
135	246	0.11987	60	60	89	23.03371	60.00000	18
136	271	0.11987	60	60	83	23.30120	60.00000	10
137	279	0.11987	60	60	89	23.03371	60.00000	18
138	295	0.11987	60	60	89	23.03371	60.00000	18
139	322	0.11987	60	60	96	27.81250	60.00000	0
140	325	0.11987	60	60	93	18.45161	60.00000	16
141	335	0.11987	60	60	89	23.03371	60.00000	18
142	350	0.11987	60	60	83	23.30120	60.00000	10
143	403	0.11987	60	60	93	18.45161	60.00000	16
144	408	0.11987	60	60	89	23.03371	60.00000	18
145	425	0.11987	60	60	96	27.81250	60.00000	0
146	443	0.11987	60	60	89	23.03371	60.00000	18
147	481	0.11987	60	60	93	18.45161	60.00000	16
148	541	0.11987	60	60	83	23.30120	60.00000	10
149	578	0.11987	60	60	96	27.81250	60.00000	0
150	599	0.11987	60	60	96	27.81250	60.00000	0
151	634	0.11987	60	60	83	23.30120	60.00000	10
152	652	0.11987	60	60	96	27.81250	60.00000	0
153	653	31.59897	16	60	83	23.30120	60.00000	10
154	657	0.11987	60	60	89	23.03371	60.00000	18
155	666	0.11987	60	60	89	23.03371	60.00000	18
156	682	0.11987	60	60	89	23.03371	60.00000	18
157	697	31.64903	18	60	103	29.00971	60.00000	27
158	716	0.11987	60	60	96	27.81250	60.00000	0
159	742	0.11987	60	60	96	27.81250	60.00000	0
160	754	0.11987	60	60	83	23.30120	60.00000	10
161	756	31.76210	15	60	103	29.00971	60.00000	27
162	768	0.11987	60	60	96	27.81250	60.00000	0
163	778	31.56233	16	60	83	23.30120	60.00000	10
164	804	31.68264	17	60	81	28.39506	60.00000	9
165	839	31.52644	13	60	83	23.30120	60.00000	10
166	858	31.53961	18	60	96	27.81250	60.00000	0
167	864	31.58814	15	60	98	24.10204	60.00000	8
168	869	0.11987	60	60	96	27.81250	60.00000	0
169	885	0.11987	60	60	96	27.81250	60.00000	0
170	900	24.33422	31	60	120	29.11667	60.00000	2
171	907	0.11987	60	60	89	23.03371	60.00000	18
172	924	0.11987	60	60	83	23.30120	60.00000	10
173	931	31.62676	17	60	93	25.97849	60.00000	25
174	934	0.11987	60	60	96	27.81250	60.00000	0
175	938	31.65098	17	60	81	28.39506	60.00000	9
176	952	31.71073	17	60	93	18.45161	60.00000	16
177	991	31.56404	19	60	85	26.25882	60.00000	15
178	17	31.50041	18	60	117	25.67521	60.00000	12
179	68	31.74100	16	60	68	22.50000	60.00000	23
180	90	31.24099	15	60	117	25.67521	60.00000	12
181	91	31.24042	17	60	117	25.67521	60.00000	12
182	120	31.76147	16	60	85	26.25882	60.00000	15
183	134	31.62649	16	60	103	29.00971	60.00000	27
184	294	31.58994	16	60	117	25.67521	60.00000	12
185	329	31.74757	16	60	117	25.67521	60.00000	12
186	331	31.66565	17	60	93	25.97849	60.00000	25
187	388	31.77187	16	60	83	23.30120	60.00000	10
188	510	31.64415	16	60	117	25.67521	60.00000	12
189	556	30.93701	24	60	117	25.67521	60.00000	12
190	600	31.61567	17	60	85	26.25882	60.00000	15
191	611	31.22121	17	60	117	25.67521	60.00000	12
192	627	31.67918	16	60	117	25.67521	60.00000	12
193	668	31.50728	17	60	117	25.67521	60.00000	12
194	695	0.11987	60	60	117	25.67521	60.00000	12
195	755	30.41559	16	60	100	19.36000	60.00000	6
196	769	31.11649	16	60	117	25.67521	60.00000	12
197	800	31.72650	17	60	81	28.39506	60.00000	9
198	941	31.73660	15	60	85	21.50588	60.00000	5
199	982	28.66095	23	60	119	20.40336	60.00000	26
200	5	31.76086	16	60	81	28.39506	60.00000	9
201	26	31.61468	17	60	100	19.36000	60.00000	6
202	27	31.50417	16	60	119	20.40336	60.00000	26
203	35	0.11987	60	60	81	28.39506	60.00000	9
204	42	0.11987	60	60	77	30.62338	60.00000	22
205	65	0.11987	60	60	81	28.39506	60.00000	9
206	126	31.67185	16	60	119	20.40336	60.00000	26
207	146	0.11987	60	60	77	30.62338	60.00000	22
208	157	0.11987	60	60	81	28.39506	60.00000	9
209	159	31.65972	15	60	100	19.36000	60.00000	6
210	171	0.11987	60	60	100	19.36000	60.00000	6
211	186	0.11987	60	60	77	30.62338	60.00000	22
212	206	0.11987	60	60	81	28.39506	60.00000	9
213	229	31.75339	15	60	81	23.33333	60.00000	7
214	243	0.11987	60	60	77	30.62338	60.00000	22
215	262	31.71828	15	60	85	26.25882	60.00000	15
216	265	0.11987	60	60	100	19.36000	60.00000	6
217	275	0.11987	60	60	81	23.33333	60.00000	7
218	287	0.11987	60	60	77	30.62338	60.00000	22
219	290	0.11987	60	60	100	19.36000	60.00000	6
220	307	0.11987	60	60	81	28.39506	60.00000	9
221	313	0.11987	60	60	81	28.39506	60.00000	9
222	319	0.11987	60	60	77	30.62338	60.00000	22
223	332	31.69747	16	60	85	21.50588	60.00000	5
224	342	0.11987	60	60	77	30.62338	60.00000	22
225	358	0.11987	60	60	100	19.36000	60.00000	6
226	477	0.11987	60	60	81	28.39506	60.00000	9
227	486	31.69092	19	60	117	25.67521	60.00000	12
228	533	0.11187	56	56	81	28.39506	60.00000	9
229	559	0.11987	60	60	81	28.39506	60.00000	9
230	596	0.11987	60	60	81	28.39506	60.00000	9
231	617	0.11987	60	60	81	28.39506	60.00000	9
232	679	0.11987	60	60	81	23.33333	60.00000	7
233	687	0.11987	60	60	77	30.62338	60.00000	22
234	689	0.11987	60	60	81	28.39506	60.00000	9
235	770	0.11987	60	60	77	30.62338	60.00000	22
236	777	0.11987	60	60	81	28.39506	60.00000	9
237	794	0.11987	60	60	77	30.62338	60.00000	22
238	806	0.11987	60	60	77	30.62338	60.00000	22
239	824	0.11987	60	60	77	30.62338	60.00000	22
240	831	0.11987	60	60	81	23.33333	60.00000	7
241	844	0.11987	60	60	81	28.39506	60.00000	9
242	859	0.11987	60	60	77	30.62338	60.00000	22
243	867	0.11987	60	60	77	30.62338	60.00000	22
244	903	0.11987	60	60	77	30.62338	60.00000	22
245	926	0.11987	60	60	100	19.36000	60.00000	6
246	930	0.11987	60	60	100	19.36000	60.00000	6
247	967	31.37880	18	60	85	26.25882	60.00000	15
248	986	31.66344	18	60	85	21.50588	60.00000	5
249	998	0.11987	60	60	81	28.39506	60.00000	9
250	85	2.16640	58	60	109	17.22936	60.00000	1
251	263	2.20356	58	60	109	17.22936	60.00000	1
252	272	0.11987	60	60	119	20.40336	60.00000	26
253	297	0.11987	60	60	119	20.40336	60.00000	26
254	312	2.16798	58	60	109	17.22936	60.00000	1
255	337	31.57602	15	60	100	19.36000	60.00000	6
256	338	0.11987	60	60	100	19.36000	60.00000	6
257	371	31.57169	17	60	119	20.40336	60.00000	26
258	449	0.11987	60	60	119	20.40336	60.00000	26
259	463	2.16469	58	60	109	17.22936	60.00000	1
260	490	31.74731	17	60	83	23.30120	60.00000	10
261	501	0.11987	60	60	109	17.22936	60.00000	1
262	516	0.11987	60	60	119	20.40336	60.00000	26
263	525	2.17232	58	60	109	17.22936	60.00000	1
264	630	31.43006	17	60	85	26.25882	60.00000	15
265	651	31.76167	15	60	81	23.33333	60.00000	7
266	677	31.46054	17	60	100	19.36000	60.00000	6
267	704	1.15629	59	60	109	17.22936	60.00000	1
268	709	0.11987	60	60	119	20.40336	60.00000	26
269	718	30.42489	23	60	119	20.40336	60.00000	26
270	816	31.69151	17	60	119	20.40336	60.00000	26
271	932	0.11987	60	60	119	20.40336	60.00000	26
272	935	31.73631	15	60	85	21.50588	60.00000	5
273	7	31.10542	14	60	100	19.36000	60.00000	6
274	78	30.83427	17	60	119	20.40336	60.00000	26
275	110	1.15205	59	60	109	17.22936	60.00000	1
276	136	0.11987	60	60	83	23.30120	60.00000	10
277	165	31.69444	13	60	119	20.40336	60.00000	26
278	180	1.15495	59	60	109	17.22936	60.00000	1
279	235	31.65412	19	60	69	27.39130	60.00000	11
280	249	24.74610	30	60	120	29.11667	60.00000	2
281	303	31.10890	20	60	119	20.40336	60.00000	26
282	415	31.34263	17	60	83	23.30120	60.00000	10
283	513	0.11987	60	60	83	23.30120	60.00000	10
284	540	0.11987	60	60	109	17.22936	60.00000	1
285	551	31.48993	17	60	100	19.36000	60.00000	6
286	567	0.11987	60	60	109	17.22936	60.00000	1
287	616	0.11987	60	60	83	23.30120	60.00000	10
288	618	31.38946	14	60	117	25.67521	60.00000	12
289	635	31.52656	13	60	117	25.67521	60.00000	12
290	691	1.17258	59	60	109	17.22936	60.00000	1
291	702	31.15134	22	60	119	20.40336	60.00000	26
292	760	31.67656	17	60	96	27.81250	60.00000	0
293	773	30.94779	17	60	68	22.50000	60.00000	23
294	891	31.74308	16	60	68	22.50000	60.00000	23
295	911	31.57557	20	60	119	20.40336	60.00000	26
296	8	31.62604	16	60	89	23.03371	60.00000	18
297	30	31.77167	16	60	85	26.25882	60.00000	15
298	137	0.11987	60	60	83	21.92771	60.00000	3
299	149	0.11987	60	60	83	21.92771	60.00000	3
300	156	0.11987	60	60	83	23.30120	60.00000	10
301	173	0.11987	60	60	83	21.92771	60.00000	3
302	198	0.11987	60	60	83	21.92771	60.00000	3
303	199	31.47525	16	60	89	23.03371	60.00000	18
304	217	0.11987	60	60	83	21.92771	60.00000	3
305	238	0.11987	60	60	83	21.92771	60.00000	3
306	344	0.11987	60	60	89	23.03371	60.00000	18
307	366	0.11987	60	60	89	23.03371	60.00000	18
308	377	0.11987	60	60	93	18.45161	60.00000	16
309	436	0.11987	60	60	89	23.03371	60.00000	18
310	466	31.54749	18	60	98	24.10204	60.00000	8
311	478	0.11987	60	60	83	21.92771	60.00000	3
312	528	0.11987	60	60	89	23.03371	60.00000	18
313	530	31.71504	17	60	89	23.03371	60.00000	18
314	549	31.76564	13	60	93	18.45161	60.00000	16
315	553	0.11987	60	60	89	23.03371	60.00000	18
316	606	30.72126	15	60	83	23.30120	60.00000	10
317	608	0.11987	60	60	83	21.92771	60.00000	3
318	632	31.69163	15	60	89	23.03371	60.00000	18
319	708	31.50847	18	60	103	29.00971	60.00000	27
320	749	0.11987	60	60	83	21.92771	60.00000	3
321	779	0.11987	60	60	83	21.92771	60.00000	3
322	821	31.57204	19	60	93	18.45161	60.00000	16
323	894	31.67466	17	60	81	28.39506	60.00000	9
324	943	31.71355	17	60	89	23.03371	60.00000	18
325	956	31.65431	20	60	92	18.95652	60.00000	20
326	958	0.11987	60	60	83	21.92771	60.00000	3
327	9	0.11987	60	60	75	25.65333	60.00000	24
328	60	31.77223	15	60	96	27.81250	60.00000	0
329	72	24.86923	30	60	120	29.11667	60.00000	2
330	125	25.07025	31	60	120	29.11667	60.00000	2
331	164	25.00285	29	60	120	29.11667	60.00000	2
332	167	31.68958	17	60	120	29.11667	60.00000	2
333	172	31.60296	21	60	100	19.36000	60.00000	6
334	207	23.95712	32	59	120	29.11667	60.00000	2
335	209	0.11987	60	60	75	25.65333	60.00000	24
336	212	24.60972	29	60	120	29.11667	60.00000	2
337	218	0.11987	60	60	75	25.65333	60.00000	24
338	247	0.11987	60	60	75	25.65333	60.00000	24
339	261	0.11987	60	60	75	25.65333	60.00000	24
340	267	0.11987	60	60	75	25.65333	60.00000	24
341	298	31.63084	16	60	75	25.65333	60.00000	24
342	327	31.71451	15	60	77	30.62338	60.00000	22
343	355	0.11987	60	60	75	25.65333	60.00000	24
344	374	31.07008	16	59	77	30.62338	60.00000	22
345	398	31.69724	16	60	75	25.65333	60.00000	24
346	412	31.67628	15	60	75	25.65333	60.00000	24
347	419	31.67760	18	60	98	24.10204	60.00000	8
348	435	25.51299	29	60	120	29.11667	60.00000	2
349	438	31.74571	15	60	77	30.62338	60.00000	22
350	459	24.49806	31	60	120	29.11667	60.00000	2
351	465	31.75974	16	60	85	26.25882	60.00000	15
352	475	0.11987	60	60	75	25.65333	60.00000	24
353	539	31.56264	17	60	78	25.23077	60.00000	17
354	560	0.11987	60	60	75	25.65333	60.00000	24
355	570	0.11987	60	60	75	25.65333	60.00000	24
356	623	24.99258	31	60	120	29.11667	60.00000	2
357	647	31.41064	19	60	75	25.65333	60.00000	24
358	669	0.11987	60	60	75	25.65333	60.00000	24
359	672	25.52357	28	60	120	29.11667	60.00000	2
360	690	0.11987	60	60	75	25.65333	60.00000	24
361	710	25.50046	30	60	120	29.11667	60.00000	2
362	720	0.11987	60	60	75	25.65333	60.00000	24
363	722	0.11987	60	60	75	25.65333	60.00000	24
364	735	31.65114	16	60	75	25.65333	60.00000	24
365	750	31.77223	15	60	81	23.33333	60.00000	7
366	753	0.11987	60	60	75	25.65333	60.00000	24
367	757	31.42355	18	60	75	25.65333	60.00000	24
368	765	31.37515	18	60	75	25.65333	60.00000	24
369	811	25.06224	30	60	120	29.11667	60.00000	2
370	812	0.11987	60	60	75	25.65333	60.00000	24
371	819	24.50602	31	60	120	29.11667	60.00000	2
372	826	0.11987	60	60	75	25.65333	60.00000	24
373	882	31.50456	18	60	75	25.65333	60.00000	24
374	886	31.60052	17	60	75	25.65333	60.00000	24
375	904	31.65596	17	60	77	30.62338	60.00000	22
376	939	31.71147	17	60	68	22.50000	60.00000	23
377	988	0.11987	60	60	75	25.65333	60.00000	24
378	999	31.25623	20	60	75	25.65333	60.00000	24
379	1000	25.99754	31	61	120	29.11667	60.00000	2
380	10	24.27832	33	60	120	29.11667	60.00000	2
381	36	0.97440	60	60	120	29.11667	60.00000	2
382	53	0.11987	60	60	120	29.11667	60.00000	2
383	61	31.74673	16	60	83	21.92771	60.00000	3
384	82	24.63045	31	60	120	29.11667	60.00000	2
385	95	0.11987	60	60	120	29.11667	60.00000	2
386	107	0.40157	60	60	120	29.11667	60.00000	2
387	112	0.11987	60	60	98	24.10204	60.00000	8
388	139	0.66599	60	60	120	29.11667	60.00000	2
389	170	31.66574	18	60	100	19.36000	60.00000	6
390	254	0.11987	60	60	98	24.10204	60.00000	8
391	302	0.24985	60	60	120	29.11667	60.00000	2
392	359	1.38528	60	60	120	29.11667	60.00000	2
393	390	0.72975	60	60	120	29.11667	60.00000	2
394	433	31.63180	18	60	120	29.11667	60.00000	2
395	434	1.02657	60	60	120	29.11667	60.00000	2
396	467	0.11987	60	60	120	29.11667	60.00000	2
397	470	0.11987	60	60	120	29.11667	60.00000	2
398	491	0.11987	60	60	98	24.10204	60.00000	8
399	507	31.73554	16	60	120	29.11667	60.00000	2
400	515	0.11987	60	60	120	29.11667	60.00000	2
401	542	1.19956	60	60	120	29.11667	60.00000	2
402	547	0.11987	60	60	120	29.11667	60.00000	2
403	554	0.11987	60	60	98	24.10204	60.00000	8
404	564	0.11987	60	60	98	24.10204	60.00000	8
405	591	0.55988	60	60	120	29.11667	60.00000	2
406	615	0.11987	60	60	98	24.10204	60.00000	8
407	631	0.11987	60	60	98	24.10204	60.00000	8
408	638	0.11987	60	60	120	29.11667	60.00000	2
409	646	0.11987	60	60	120	29.11667	60.00000	2
410	701	0.11987	60	60	120	29.11667	60.00000	2
411	739	0.11987	60	60	98	24.10204	60.00000	8
412	746	31.69674	16	60	120	29.11667	60.00000	2
413	793	0.44722	60	60	120	29.11667	60.00000	2
414	810	0.11987	60	60	120	29.11667	60.00000	2
415	837	0.11987	60	60	120	29.11667	60.00000	2
416	853	31.34992	16	60	78	25.23077	60.00000	17
417	855	0.11987	60	60	98	24.10204	60.00000	8
418	861	0.11987	60	60	98	24.10204	60.00000	8
419	962	0.11987	60	60	120	29.11667	60.00000	2
420	11	0.11987	60	60	92	18.95652	60.00000	20
421	20	0.11987	60	60	92	18.95652	60.00000	20
422	28	0.11987	60	60	92	18.95652	60.00000	20
423	44	0.11987	60	60	92	18.95652	60.00000	20
424	62	31.72398	17	60	68	22.50000	60.00000	23
425	74	31.16699	19	60	98	24.10204	60.00000	8
426	96	0.11987	60	60	92	18.95652	60.00000	20
427	192	31.71535	17	60	78	25.23077	60.00000	17
428	194	31.73589	16	60	92	18.95652	60.00000	20
429	211	31.42139	16	60	98	24.10204	60.00000	8
430	230	31.59933	16	60	79	22.63291	60.00000	19
431	231	31.24584	17	60	78	25.23077	60.00000	17
432	255	31.72237	16	60	85	26.25882	60.00000	15
433	256	31.69829	16	60	79	22.63291	60.00000	19
434	258	31.72616	15	60	79	22.63291	60.00000	19
435	260	31.73037	15	60	105	17.14286	60.00000	21
436	274	31.62719	17	60	85	26.25882	60.00000	15
437	286	31.69853	16	60	96	27.81250	60.00000	0
438	291	0.11987	60	60	92	18.95652	60.00000	20
439	293	31.26578	20	60	85	26.25882	60.00000	15
440	310	31.34308	18	60	78	25.23077	60.00000	17
441	351	31.67016	17	60	79	22.63291	60.00000	19
442	353	31.75462	15	60	98	24.10204	60.00000	8
443	360	31.68543	15	60	78	25.23077	60.00000	17
444	383	31.45862	19	60	96	27.81250	60.00000	0
445	384	0.11987	60	60	92	18.95652	60.00000	20
446	393	31.65217	17	60	98	24.10204	60.00000	8
447	429	31.66936	18	60	68	22.50000	60.00000	23
448	468	31.43143	18	60	98	24.10204	60.00000	8
449	511	31.76397	17	60	98	24.10204	60.00000	8
450	519	31.75340	16	60	98	24.10204	60.00000	8
451	521	31.69338	15	60	79	22.63291	60.00000	19
452	526	31.69553	15	60	98	24.10204	60.00000	8
453	544	0.11987	60	60	92	18.95652	60.00000	20
454	548	31.75491	13	60	92	18.95652	60.00000	20
455	595	31.26146	19	60	119	20.40336	60.00000	26
456	602	31.56334	17	60	98	24.10204	60.00000	8
457	732	32.24429	16	60	97	23.29897	60.00000	4
458	771	0.11987	60	60	92	18.95652	60.00000	20
459	803	31.59322	19	60	79	22.63291	60.00000	19
460	818	31.51064	18	60	78	25.23077	60.00000	17
461	827	31.73284	15	60	98	24.10204	60.00000	8
462	833	31.46920	18	60	78	25.23077	60.00000	17
463	838	0.11987	60	60	92	18.95652	60.00000	20
464	874	31.72382	17	60	98	24.10204	60.00000	8
465	896	31.34233	17	60	92	18.95652	60.00000	20
466	899	0.11987	60	60	92	18.95652	60.00000	20
467	908	0.11987	60	60	92	18.95652	60.00000	20
468	960	0.11987	60	60	92	18.95652	60.00000	20
469	987	31.55578	17	60	96	27.81250	60.00000	0
470	996	31.29456	20	60	98	24.10204	60.00000	8
471	12	31.69479	16	60	93	25.97849	60.00000	25
472	21	0.11987	60	60	93	25.97849	60.00000	25
473	34	31.75506	15	60	103	29.00971	60.00000	27
474	39	0.11987	60	60	97	23.29897	60.00000	4
475	45	0.11987	60	60	97	23.29897	60.00000	4
476	46	0.11987	60	60	97	21.52577	60.00000	14
477	56	0.11987	60	60	97	21.52577	60.00000	14
478	113	0.11987	60	60	93	25.97849	60.00000	25
479	124	0.11987	60	60	85	21.50588	60.00000	5
480	168	0.11987	60	60	85	21.50588	60.00000	5
481	177	0.11987	60	60	97	21.52577	60.00000	14
482	189	0.11987	60	60	97	21.52577	60.00000	14
483	196	0.11987	60	60	85	21.50588	60.00000	5
484	223	0.11987	60	60	93	25.97849	60.00000	25
485	333	0.11987	60	60	97	21.52577	60.00000	14
486	346	0.11987	60	60	93	25.97849	60.00000	25
487	347	0.11987	60	60	85	21.50588	60.00000	5
488	357	0.11987	60	60	97	23.29897	60.00000	4
489	376	31.68862	16	60	97	21.52577	60.00000	14
490	378	0.11987	60	60	97	21.52577	60.00000	14
491	426	31.66642	18	60	97	23.29897	60.00000	4
492	440	31.68906	14	60	97	23.29897	60.00000	4
493	460	0.11987	60	60	97	23.29897	60.00000	4
494	471	0.11987	60	60	93	25.97849	60.00000	25
495	494	0.11987	60	60	97	23.29897	60.00000	4
496	537	0.11987	60	60	93	25.97849	60.00000	25
497	579	0.11987	60	60	97	23.29897	60.00000	4
498	580	0.11987	60	60	97	21.52577	60.00000	14
499	587	31.63738	17	60	83	21.92771	60.00000	3
500	588	0.11987	60	60	97	23.29897	60.00000	4
501	610	0.11987	60	60	85	21.50588	60.00000	5
502	621	0.11987	60	60	97	21.52577	60.00000	14
503	642	0.11987	60	60	93	25.97849	60.00000	25
504	675	0.11987	60	60	97	21.52577	60.00000	14
505	696	0.11987	60	60	85	21.50588	60.00000	5
506	699	0.11987	60	60	85	21.50588	60.00000	5
507	705	0.11987	60	60	85	21.50588	60.00000	5
508	717	31.76059	16	60	120	29.11667	60.00000	2
509	723	0.11987	60	60	97	23.29897	60.00000	4
510	787	0.11987	60	60	97	23.29897	60.00000	4
511	791	0.11987	60	60	97	23.29897	60.00000	4
512	798	31.67679	17	60	96	27.81250	60.00000	0
513	834	0.11987	60	60	85	21.50588	60.00000	5
514	847	0.11987	60	60	85	21.50588	60.00000	5
515	849	0.11987	60	60	93	25.97849	60.00000	25
516	862	31.76490	16	60	103	29.00971	60.00000	27
517	870	0.11987	60	60	97	23.29897	60.00000	4
518	922	0.11987	60	60	93	25.97849	60.00000	25
519	936	0.11987	60	60	93	25.97849	60.00000	25
520	948	0.11987	60	60	97	21.52577	60.00000	14
521	949	0.11987	60	60	93	25.97849	60.00000	25
522	959	0.11987	60	60	97	21.52577	60.00000	14
523	970	0.11987	60	60	93	25.97849	60.00000	25
524	974	0.11987	60	60	93	25.97849	60.00000	25
525	989	0.11987	60	60	93	25.97849	60.00000	25
526	47	31.75700	16	60	97	21.52577	60.00000	14
527	98	31.66641	18	60	69	27.39130	60.00000	11
528	100	24.73070	30	60	120	29.11667	60.00000	2
529	111	24.55637	31	60	120	29.11667	60.00000	2
530	143	24.62921	30	60	120	29.11667	60.00000	2
531	214	31.52466	17	60	83	23.30120	60.00000	10
532	257	31.62419	17	60	83	21.92771	60.00000	3
533	314	31.42537	18	60	81	23.33333	60.00000	7
534	326	31.69940	17	60	89	23.03371	60.00000	18
535	348	31.75432	15	60	83	23.30120	60.00000	10
536	356	31.76286	13	60	83	21.92771	60.00000	3
537	375	31.74218	16	60	85	26.25882	60.00000	15
538	380	31.58163	16	60	93	18.45161	60.00000	16
539	385	31.74897	16	60	120	29.11667	60.00000	2
540	392	31.66389	17	60	83	21.92771	60.00000	3
541	430	31.64468	18	60	83	23.30120	60.00000	10
542	514	31.68377	15	60	83	21.92771	60.00000	3
543	523	31.73314	17	60	83	23.30120	60.00000	10
544	639	31.45838	17	60	83	21.92771	60.00000	3
545	674	31.59638	18	60	81	28.39506	60.00000	9
546	727	32.08347	18	60	81	28.39506	60.00000	9
547	776	31.76075	16	60	98	24.10204	60.00000	8
548	830	31.68300	16	60	83	23.30120	60.00000	10
549	836	31.12803	17	60	89	23.03371	60.00000	18
550	863	31.48230	19	60	103	29.00971	60.00000	27
551	993	31.76061	14	60	98	24.10204	60.00000	8
552	14	0.11987	60	60	97	23.29897	60.00000	4
553	29	31.62507	18	60	96	27.81250	60.00000	0
554	33	31.61212	16	60	93	25.97849	60.00000	25
555	70	31.70923	18	60	85	26.25882	60.00000	15
556	89	24.28861	31	60	120	29.11667	60.00000	2
557	114	31.57880	15	60	103	29.00971	60.00000	27
558	184	31.29556	17	60	103	29.00971	60.00000	27
559	203	31.74127	17	60	93	25.97849	60.00000	25
560	219	0.11987	60	60	97	23.29897	60.00000	4
561	252	31.69773	16	60	103	29.00971	60.00000	27
562	299	31.31436	15	60	103	29.00971	60.00000	27
563	328	31.64779	15	60	93	25.97849	60.00000	25
564	341	31.75670	15	60	97	23.29897	60.00000	4
565	343	31.94588	18	60	93	25.97849	60.00000	25
566	365	31.73201	18	60	93	25.97849	60.00000	25
567	395	0.11987	60	60	97	23.29897	60.00000	4
568	406	31.61076	16	60	93	25.97849	60.00000	25
569	422	31.65244	16	60	96	27.81250	60.00000	0
570	458	31.71120	15	60	103	29.00971	60.00000	27
571	464	31.68762	17	60	97	21.52577	60.00000	14
572	472	31.63000	17	60	93	25.97849	60.00000	25
573	485	0.11987	60	60	97	23.29897	60.00000	4
574	488	31.56397	18	60	119	20.40336	60.00000	26
575	495	0.11987	60	60	97	23.29897	60.00000	4
576	499	31.69007	16	60	103	29.00971	60.00000	27
577	502	31.41400	20	60	97	23.29897	60.00000	4
578	512	0.11987	60	60	97	23.29897	60.00000	4
579	520	31.63971	17	60	93	25.97849	60.00000	25
580	573	31.59538	17	60	103	29.00971	60.00000	27
581	586	31.43258	16	60	103	29.00971	60.00000	27
582	590	31.73510	14	60	97	23.29897	60.00000	4
583	649	31.74927	16	60	81	23.33333	60.00000	7
584	684	31.73413	15	60	97	23.29897	60.00000	4
585	785	31.56145	18	60	81	28.39506	60.00000	9
586	786	31.41513	14	60	97	23.29897	60.00000	4
587	789	0.11987	60	60	97	23.29897	60.00000	4
588	840	31.69349	18	60	96	27.81250	60.00000	0
589	992	0.11987	60	60	97	23.29897	60.00000	4
590	995	31.76298	15	60	97	21.52577	60.00000	14
591	15	0.11987	60	60	79	22.63291	60.00000	19
592	23	31.32426	18	60	69	27.39130	60.00000	11
593	104	0.11987	60	60	79	22.63291	60.00000	19
594	118	0.11987	60	60	79	22.63291	60.00000	19
595	132	31.52446	17	60	78	25.23077	60.00000	17
596	148	0.11987	60	60	79	22.63291	60.00000	19
597	175	0.11987	60	60	79	22.63291	60.00000	19
598	216	31.74310	17	60	117	25.67521	60.00000	12
599	244	31.62646	15	60	98	24.10204	60.00000	8
600	245	31.72126	16	60	89	23.03371	60.00000	18
601	301	31.72522	13	60	78	25.23077	60.00000	17
602	311	0.11987	60	60	79	22.63291	60.00000	19
603	420	31.71506	15	60	78	25.23077	60.00000	17
604	461	31.76500	16	60	120	29.11667	60.00000	2
605	500	0.11987	60	60	79	22.63291	60.00000	19
606	543	31.76892	14	60	79	22.63291	60.00000	19
607	545	0.11987	60	60	79	22.63291	60.00000	19
608	645	0.11987	60	60	79	22.63291	60.00000	19
609	655	31.60310	18	60	69	27.39130	60.00000	11
610	685	0.11987	60	60	79	22.63291	60.00000	19
611	719	31.74138	17	60	79	22.63291	60.00000	19
612	721	31.60448	15	60	79	22.63291	60.00000	19
613	733	31.58873	19	60	79	22.63291	60.00000	19
614	761	0.11987	60	60	79	22.63291	60.00000	19
615	843	0.11987	60	60	79	22.63291	60.00000	19
616	854	23.82185	32	60	120	29.11667	60.00000	2
617	857	0.11987	60	60	79	22.63291	60.00000	19
618	889	0.11987	60	60	79	22.63291	60.00000	19
619	897	0.11987	60	60	79	22.63291	60.00000	19
620	915	31.65333	16	60	98	24.10204	60.00000	8
621	972	31.10891	18	60	78	25.23077	60.00000	17
622	16	31.74488	16	60	120	29.11667	60.00000	2
623	19	0.11987	60	60	81	28.39506	60.00000	9
624	41	0.11987	60	60	85	26.25882	60.00000	15
625	87	0.11987	60	60	85	26.25882	60.00000	15
626	129	0.11987	60	60	85	26.25882	60.00000	15
627	185	0.11987	60	60	81	28.39506	60.00000	9
628	204	31.70022	18	60	120	29.11667	60.00000	2
629	282	0.11987	60	60	85	26.25882	60.00000	15
630	370	0.11987	60	60	120	29.11667	60.00000	2
631	401	0.11987	60	60	120	29.11667	60.00000	2
632	503	0.11987	60	60	120	29.11667	60.00000	2
633	517	0.11987	60	60	81	28.39506	60.00000	9
634	607	31.72316	16	60	78	25.23077	60.00000	17
635	628	31.64471	17	60	89	23.03371	60.00000	18
636	671	31.52552	19	60	81	23.33333	60.00000	7
637	688	0.11987	60	60	85	26.25882	60.00000	15
638	728	0.11987	60	60	85	26.25882	60.00000	15
639	736	0.11987	60	60	81	28.39506	60.00000	9
640	743	0.11987	60	60	85	26.25882	60.00000	15
641	747	31.72387	15	60	69	27.39130	60.00000	11
642	807	31.71266	17	60	93	25.97849	60.00000	25
643	850	0.11987	60	60	85	26.25882	60.00000	15
644	860	0.11987	60	60	81	28.39506	60.00000	9
645	872	0.11987	60	60	85	26.25882	60.00000	15
646	876	0.11987	60	60	85	26.25882	60.00000	15
647	878	0.11987	60	60	81	28.39506	60.00000	9
648	944	0.11987	60	60	120	29.11667	60.00000	2
649	983	0.11987	60	60	81	28.39506	60.00000	9
650	994	0.11987	60	60	85	26.25882	60.00000	15
651	66	1.15205	59	60	109	17.22936	60.00000	1
652	77	31.15167	20	60	119	20.40336	60.00000	26
653	79	0.11987	60	60	109	17.22936	60.00000	1
654	624	31.71665	16	60	98	24.10204	60.00000	8
655	775	31.11803	16	60	117	25.67521	60.00000	12
656	808	25.48354	29	60	120	29.11667	60.00000	2
657	877	0.11987	60	60	109	17.22936	60.00000	1
658	973	31.40918	14	60	117	25.67521	60.00000	12
659	18	0.11987	60	60	85	26.25882	60.00000	15
660	37	31.74480	16	60	81	28.39506	60.00000	9
661	105	0.11987	60	60	85	26.25882	60.00000	15
662	109	31.72763	17	60	85	26.25882	60.00000	15
663	128	31.69354	19	60	85	26.25882	60.00000	15
664	183	31.76064	16	60	85	26.25882	60.00000	15
665	202	31.49102	18	60	85	26.25882	60.00000	15
666	215	31.54765	18	60	85	26.25882	60.00000	15
667	264	31.60312	18	60	103	29.00971	60.00000	27
668	280	31.72848	16	60	85	26.25882	60.00000	15
669	315	31.72443	17	60	85	26.25882	60.00000	15
670	363	31.08977	22	60	117	25.67521	60.00000	12
671	411	31.75281	15	60	105	17.14286	60.00000	21
672	469	0.11987	60	60	85	26.25882	60.00000	15
673	524	31.61088	17	60	85	26.25882	60.00000	15
674	546	0.11987	60	60	85	26.25882	60.00000	15
675	558	31.74563	16	60	81	28.39506	60.00000	9
676	589	0.11987	60	60	85	26.25882	60.00000	15
677	594	31.70717	17	60	85	26.25882	60.00000	15
678	609	0.11987	60	60	85	26.25882	60.00000	15
679	614	31.72554	16	60	81	23.33333	60.00000	7
680	640	31.64356	17	60	69	27.39130	60.00000	11
681	654	31.76029	17	60	85	26.25882	60.00000	15
682	670	0.11987	60	60	85	26.25882	60.00000	15
683	693	31.76434	16	60	81	23.33333	60.00000	7
684	694	31.63496	17	60	81	23.33333	60.00000	7
685	729	0.11987	60	60	85	26.25882	60.00000	15
686	784	0.11987	60	60	85	26.25882	60.00000	15
687	828	31.34665	17	60	81	28.39506	60.00000	9
688	888	31.43340	20	60	85	26.25882	60.00000	15
689	43	31.77223	15	60	81	23.33333	60.00000	7
690	88	0.11987	60	60	81	28.39506	60.00000	9
691	123	31.53069	19	60	98	24.10204	60.00000	8
692	135	31.74737	16	60	81	28.39506	60.00000	9
693	190	31.50813	18	60	81	28.39506	60.00000	9
694	191	31.73093	17	60	120	29.11667	60.00000	2
695	316	31.66528	15	60	81	23.33333	60.00000	7
696	369	31.57757	17	60	69	27.39130	60.00000	11
697	534	31.75830	15	60	81	28.39506	60.00000	9
698	665	31.71066	16	60	93	25.97849	60.00000	25
699	914	31.73861	17	60	96	27.81250	60.00000	0
700	928	31.63903	20	60	98	24.10204	60.00000	8
701	49	24.47515	30	60	120	29.11667	60.00000	2
702	127	31.76777	11	60	119	20.40336	60.00000	26
703	225	31.64411	18	60	96	27.81250	60.00000	0
704	227	31.66873	16	60	98	24.10204	60.00000	8
705	493	31.42240	19	60	98	24.10204	60.00000	8
706	712	31.72003	17	60	89	23.03371	60.00000	18
707	58	31.73173	17	60	96	27.81250	60.00000	0
708	102	0.11987	60	60	93	25.97849	60.00000	25
709	152	31.13681	20	60	69	27.39130	60.00000	11
710	201	32.18292	17	60	93	25.97849	60.00000	25
711	288	31.74679	16	60	83	21.92771	60.00000	3
712	306	0.11987	60	60	93	25.97849	60.00000	25
713	354	0.11987	60	60	93	25.97849	60.00000	25
714	400	31.51014	18	60	103	29.00971	60.00000	27
715	442	31.74123	17	60	97	23.29897	60.00000	4
716	457	31.73045	16	60	103	29.00971	60.00000	27
717	527	31.76008	16	60	78	25.23077	60.00000	17
718	563	31.52268	16	60	103	29.00971	60.00000	27
719	568	31.73996	16	60	97	21.52577	60.00000	14
720	574	0.11987	60	60	93	25.97849	60.00000	25
721	584	31.65820	18	60	97	21.52577	60.00000	14
722	593	31.73961	17	60	103	29.00971	60.00000	27
723	603	0.11987	60	60	93	25.97849	60.00000	25
724	658	31.76832	16	60	93	25.97849	60.00000	25
725	662	31.64819	15	60	93	25.97849	60.00000	25
726	663	31.34498	19	60	69	27.39130	60.00000	11
727	664	0.11987	60	60	93	25.97849	60.00000	25
728	788	32.11639	18	60	78	25.23077	60.00000	17
729	802	0.11987	60	60	93	25.97849	60.00000	25
730	822	0.11987	60	60	93	25.97849	60.00000	25
731	73	0.11987	60	60	68	22.50000	60.00000	23
732	97	0.11987	60	60	105	17.14286	60.00000	21
733	117	0.11987	60	60	68	22.50000	60.00000	23
734	142	31.59056	19	60	83	23.30120	60.00000	10
735	169	0.11987	60	60	68	22.50000	60.00000	23
736	239	0.11987	60	60	68	22.50000	60.00000	23
737	259	0.11987	60	60	68	22.50000	60.00000	23
738	276	0.11987	60	60	69	27.39130	60.00000	11
739	278	0.11987	60	60	68	22.50000	60.00000	23
740	309	31.76602	15	60	105	17.14286	60.00000	21
741	320	0.11987	60	60	69	27.39130	60.00000	11
742	339	0.11987	60	60	69	27.39130	60.00000	11
743	421	0.11987	60	60	68	22.50000	60.00000	23
744	474	0.11987	60	60	69	27.39130	60.00000	11
745	518	30.82517	17	60	69	27.39130	60.00000	11
746	583	0.11987	60	60	69	27.39130	60.00000	11
747	612	0.11987	60	60	68	22.50000	60.00000	23
748	620	31.47911	19	60	68	22.50000	60.00000	23
749	681	0.11987	60	60	69	27.39130	60.00000	11
750	683	0.11987	60	60	69	27.39130	60.00000	11
751	751	0.11987	60	60	69	27.39130	60.00000	11
752	766	0.11987	60	60	69	27.39130	60.00000	11
753	780	0.11987	60	60	69	27.39130	60.00000	11
754	799	0.11987	60	60	68	22.50000	60.00000	23
755	845	0.11987	60	60	69	27.39130	60.00000	11
756	846	0.11987	60	60	69	27.39130	60.00000	11
757	856	0.11987	60	60	69	27.39130	60.00000	11
758	883	0.11987	60	60	69	27.39130	60.00000	11
759	921	31.46970	17	60	69	27.39130	60.00000	11
760	929	31.66309	17	60	96	27.81250	60.00000	0
761	946	0.11987	60	60	68	22.50000	60.00000	23
762	964	0.11987	60	60	69	27.39130	60.00000	11
763	975	0.11987	60	60	105	17.14286	60.00000	21
764	980	31.05866	19	60	69	27.39130	60.00000	11
765	103	31.70777	18	60	68	22.50000	60.00000	23
766	145	0.11987	60	60	98	24.10204	60.00000	8
767	155	0.11987	60	60	69	27.39130	60.00000	11
768	285	31.66175	18	60	103	29.00971	60.00000	27
769	476	0.11987	60	60	98	24.10204	60.00000	8
770	504	0.11987	60	60	98	24.10204	60.00000	8
771	508	31.11036	17	60	96	27.81250	60.00000	0
772	629	0.11987	60	60	98	24.10204	60.00000	8
773	809	31.23685	16	60	98	24.10204	60.00000	8
774	835	0.11987	60	60	98	24.10204	60.00000	8
775	890	31.40392	17	60	69	27.39130	60.00000	11
776	920	0.11987	60	60	98	24.10204	60.00000	8
777	24	0.11987	60	60	78	25.23077	60.00000	17
778	40	0.11987	60	60	78	25.23077	60.00000	17
779	54	0.11987	60	60	78	25.23077	60.00000	17
780	210	0.11987	60	60	78	25.23077	60.00000	17
781	228	24.84644	30	60	120	29.11667	60.00000	2
782	250	31.38435	20	60	119	20.40336	60.00000	26
783	277	0.11987	60	60	78	25.23077	60.00000	17
784	321	0.11987	60	60	78	25.23077	60.00000	17
785	349	0.11987	60	60	78	25.23077	60.00000	17
786	479	0.11987	60	60	78	25.23077	60.00000	17
787	598	0.11987	60	60	78	25.23077	60.00000	17
788	650	31.76007	17	60	83	21.92771	60.00000	3
789	724	31.61548	17	60	69	27.39130	60.00000	11
790	740	0.11987	60	60	78	25.23077	60.00000	17
791	763	0.11987	60	60	78	25.23077	60.00000	17
792	774	31.76259	16	60	93	18.45161	60.00000	16
793	795	0.11987	60	60	78	25.23077	60.00000	17
794	796	31.45688	20	60	78	25.23077	60.00000	17
795	813	0.11987	60	60	78	25.23077	60.00000	17
796	815	31.22308	20	60	69	27.39130	60.00000	11
797	898	0.11987	60	60	78	25.23077	60.00000	17
798	901	0.11987	60	60	78	25.23077	60.00000	17
799	933	0.11987	60	60	78	25.23077	60.00000	17
800	945	0.11987	60	60	78	25.23077	60.00000	17
801	957	31.45759	19	60	81	23.33333	60.00000	7
802	25	31.68757	17	60	69	27.39130	60.00000	11
803	69	0.11987	60	60	68	22.50000	60.00000	23
804	115	31.75071	16	60	68	22.50000	60.00000	23
805	236	31.54579	19	60	103	29.00971	60.00000	27
806	397	0.11987	60	60	93	18.45161	60.00000	16
807	410	0.11987	60	60	68	22.50000	60.00000	23
808	473	0.11987	60	60	93	18.45161	60.00000	16
809	562	0.11987	60	60	97	21.52577	60.00000	14
810	576	31.19728	21	60	69	27.39130	60.00000	11
811	625	31.72754	16	60	93	25.97849	60.00000	25
812	910	0.11987	60	60	97	21.52577	60.00000	14
813	965	0.11987	60	60	69	27.39130	60.00000	11
814	976	0.11987	60	60	97	21.52577	60.00000	14
815	67	31.63271	18	60	98	24.10204	60.00000	8
816	181	31.52601	17	60	119	20.40336	60.00000	26
817	208	0.11987	60	60	119	20.40336	60.00000	26
818	237	31.49879	14	60	117	25.67521	60.00000	12
819	305	0.11987	60	60	119	20.40336	60.00000	26
820	340	0.11987	60	60	96	27.81250	60.00000	0
821	561	31.42371	21	60	100	19.36000	60.00000	6
822	686	0.11987	60	60	96	27.81250	60.00000	0
823	762	31.68730	16	60	69	27.39130	60.00000	11
824	823	0.11987	60	60	96	27.81250	60.00000	0
825	873	0.11987	60	60	96	27.81250	60.00000	0
826	902	31.72555	14	60	100	19.36000	60.00000	6
827	951	0.11987	60	60	96	27.81250	60.00000	0
828	636	31.64822	17	60	69	27.39130	60.00000	11
829	731	29.99876	17	60	119	20.40336	60.00000	26
830	871	31.38688	15	60	119	20.40336	60.00000	26
831	969	31.68870	11	60	109	17.22936	60.00000	1
832	979	31.61637	16	60	100	19.36000	60.00000	6
833	150	31.65586	19	60	96	27.81250	60.00000	0
834	334	0.11987	60	60	96	27.81250	60.00000	0
835	531	0.11987	60	60	96	27.81250	60.00000	0
836	565	30.84629	16	60	69	27.39130	60.00000	11
837	644	0.11987	60	60	98	24.10204	60.00000	8
838	698	0.11987	60	60	98	24.10204	60.00000	8
839	741	0.11987	60	60	96	27.81250	60.00000	0
840	832	0.11987	60	60	96	27.81250	60.00000	0
841	947	0.11987	60	60	98	24.10204	60.00000	8
842	961	32.38687	21	60	68	22.50000	60.00000	23
843	55	0.11987	60	60	83	21.92771	60.00000	3
844	954	0.11987	60	60	83	21.92771	60.00000	3
845	31	0.11987	60	60	103	29.00971	60.00000	27
846	38	0.11987	60	60	103	29.00971	60.00000	27
847	57	0.11987	60	60	103	29.00971	60.00000	27
848	75	0.11987	60	60	103	29.00971	60.00000	27
849	83	0.11987	60	60	103	29.00971	60.00000	27
850	140	31.68172	17	60	77	30.62338	60.00000	22
851	144	0.11987	60	60	103	29.00971	60.00000	27
852	147	0.11987	60	60	103	29.00971	60.00000	27
853	222	0.11987	60	60	103	29.00971	60.00000	27
854	242	0.11987	60	60	103	29.00971	60.00000	27
855	270	0.11987	60	60	103	29.00971	60.00000	27
856	284	0.11987	60	60	103	29.00971	60.00000	27
857	289	0.11987	60	60	103	29.00971	60.00000	27
858	364	0.11987	60	60	103	29.00971	60.00000	27
859	372	0.11987	60	60	103	29.00971	60.00000	27
860	382	0.11987	60	60	103	29.00971	60.00000	27
861	386	31.76852	15	60	93	25.97849	60.00000	25
862	391	0.11987	60	60	103	29.00971	60.00000	27
863	394	0.11987	60	60	103	29.00971	60.00000	27
864	399	0.11987	60	60	103	29.00971	60.00000	27
865	413	0.11987	60	60	103	29.00971	60.00000	27
866	432	0.11987	60	60	103	29.00971	60.00000	27
867	437	0.11987	60	60	103	29.00971	60.00000	27
868	441	0.11987	60	60	103	29.00971	60.00000	27
869	482	0.11987	60	60	103	29.00971	60.00000	27
870	484	31.74514	16	60	93	18.45161	60.00000	16
871	496	0.11987	60	60	103	29.00971	60.00000	27
872	581	0.11987	60	60	103	29.00971	60.00000	27
873	622	0.11987	60	60	103	29.00971	60.00000	27
874	783	0.11987	60	60	103	29.00971	60.00000	27
875	820	31.49314	15	60	93	25.97849	60.00000	25
876	842	31.72459	18	60	103	29.00971	60.00000	27
877	887	0.11987	60	60	103	29.00971	60.00000	27
878	918	0.11987	60	60	103	29.00971	60.00000	27
879	942	31.59465	16	60	93	25.97849	60.00000	25
880	968	0.11987	60	60	103	29.00971	60.00000	27
881	985	0.11987	60	60	103	29.00971	60.00000	27
882	116	31.66515	17	60	69	27.39130	60.00000	11
883	121	31.76242	16	60	69	27.39130	60.00000	11
884	138	31.53800	17	60	98	24.10204	60.00000	8
885	379	31.64279	18	60	103	29.00971	60.00000	27
886	423	31.70942	16	60	77	30.62338	60.00000	22
887	480	31.69799	18	60	105	17.14286	60.00000	21
888	505	31.36750	19	60	89	23.03371	60.00000	18
889	535	31.47786	16	60	103	29.00971	60.00000	27
890	659	31.79733	17	60	69	27.39130	60.00000	11
891	726	31.68389	16	60	89	23.03371	60.00000	18
892	892	31.56592	16	60	83	23.30120	60.00000	10
893	387	0.11987	60	60	97	21.52577	60.00000	14
894	577	0.11987	60	60	97	21.52577	60.00000	14
895	797	0.11987	60	60	97	21.52577	60.00000	14
896	913	0.11987	60	60	97	23.29897	60.00000	4
897	193	31.69076	15	60	69	27.39130	60.00000	11
898	48	31.67955	16	60	97	21.52577	60.00000	14
899	966	31.67612	15	60	85	21.50588	60.00000	5
900	200	24.83658	30	60	120	29.11667	60.00000	2
901	345	31.71405	16	60	85	21.50588	60.00000	5
902	569	0.59542	60	60	120	29.11667	60.00000	2
903	572	31.73383	18	60	120	29.11667	60.00000	2
904	605	31.45484	18	60	75	25.65333	60.00000	24
905	715	0.92610	60	60	120	29.11667	60.00000	2
906	234	31.76951	16	60	103	29.00971	60.00000	27
907	455	31.77223	15	60	109	17.22936	60.00000	1
908	925	31.68200	17	60	103	29.00971	60.00000	27
909	51	31.73424	19	60	97	21.52577	60.00000	14
910	582	31.74545	16	60	77	30.62338	60.00000	22
911	182	31.75463	17	60	100	19.36000	60.00000	6
912	300	31.74001	17	60	78	25.23077	60.00000	17
913	402	31.18061	17	60	69	27.39130	60.00000	11
914	63	31.73784	17	60	85	26.25882	60.00000	15
915	323	31.61151	16	60	85	26.25882	60.00000	15
916	571	31.72630	16	60	81	23.33333	60.00000	7
917	692	31.58662	18	60	96	27.81250	60.00000	0
918	700	31.68721	16	60	85	26.25882	60.00000	15
919	59	0.11987	60	60	77	30.62338	60.00000	22
920	76	31.71153	17	60	77	30.62338	60.00000	22
921	130	0.11987	60	60	77	30.62338	60.00000	22
922	153	0.11987	60	60	77	30.62338	60.00000	22
923	304	31.74081	16	60	89	23.03371	60.00000	18
924	416	0.11987	60	60	77	30.62338	60.00000	22
925	450	0.07791	39	39	77	30.62338	60.00000	22
926	489	0.06193	31	31	77	30.62338	60.00000	22
927	492	0.06193	31	31	77	30.62338	60.00000	22
928	498	0.06193	31	31	77	30.62338	60.00000	22
929	522	0.06193	31	31	77	30.62338	60.00000	22
930	532	0.06193	31	31	77	30.62338	60.00000	22
931	566	0.06193	31	31	77	30.62338	60.00000	22
932	597	0.06193	31	31	77	30.62338	60.00000	22
933	641	0.06193	31	31	77	30.62338	60.00000	22
934	673	0.11987	60	60	77	30.62338	60.00000	22
935	706	31.76515	18	60	100	19.36000	60.00000	6
936	707	0.11987	60	60	77	30.62338	60.00000	22
937	752	0.11987	60	60	77	30.62338	60.00000	22
938	905	0.11987	60	60	77	30.62338	60.00000	22
939	273	31.73181	16	60	89	23.03371	60.00000	18
940	448	31.60551	17	60	97	23.29897	60.00000	4
941	163	31.67426	18	60	119	20.40336	60.00000	26
942	268	31.67213	18	60	120	29.11667	60.00000	2
943	336	31.62652	16	60	83	23.30120	60.00000	10
944	50	31.73025	17	60	89	23.03371	60.00000	18
945	418	31.58538	17	60	69	27.39130	60.00000	11
946	703	31.63163	17	60	79	22.63291	60.00000	19
947	141	0.11987	60	60	85	21.50588	60.00000	5
948	506	0.11987	60	60	85	21.50588	60.00000	5
949	585	31.67178	16	60	93	18.45161	60.00000	16
950	801	0.11987	60	60	85	21.50588	60.00000	5
951	805	0.11987	60	60	85	21.50588	60.00000	5
952	817	0.11987	60	60	85	21.50588	60.00000	5
953	880	0.11987	60	60	96	27.81250	60.00000	0
954	955	0.11987	60	60	96	27.81250	60.00000	0
955	176	31.64373	18	60	68	22.50000	60.00000	23
956	233	31.57379	21	60	100	19.36000	60.00000	6
957	660	31.31470	21	60	117	25.67521	60.00000	12
958	764	31.05605	17	60	69	27.39130	60.00000	11
959	927	0.11987	60	60	83	21.92771	60.00000	3
960	730	30.28623	15	60	117	25.67521	60.00000	12
961	213	31.76242	15	60	120	29.11667	60.00000	2
962	251	24.72793	30	60	120	29.11667	60.00000	2
963	971	31.74375	16	60	93	18.45161	60.00000	16
964	909	31.69193	17	60	103	29.00971	60.00000	27
965	71	31.57715	17	60	89	23.03371	60.00000	18
966	99	31.26080	16	60	100	19.36000	60.00000	6
967	161	31.76102	16	60	96	27.81250	60.00000	0
968	162	31.75475	17	60	85	26.25882	60.00000	15
969	454	31.74726	14	60	109	17.22936	60.00000	1
970	613	31.68684	15	60	109	17.22936	60.00000	1
971	637	31.65837	17	60	83	21.92771	60.00000	3
972	711	30.97518	16	60	89	23.03371	60.00000	18
973	895	31.61826	15	60	83	23.30120	60.00000	10
974	362	31.75726	17	60	117	25.67521	60.00000	12
975	977	0.11987	60	60	96	27.81250	60.00000	0
976	509	31.67217	17	60	69	27.39130	60.00000	11
977	405	31.75882	17	60	98	24.10204	60.00000	8
978	984	31.56583	19	60	68	22.50000	60.00000	23
979	866	31.74635	15	60	85	21.50588	60.00000	5
980	714	31.52467	18	60	81	28.39506	60.00000	9
981	940	31.59575	17	60	81	28.39506	60.00000	9
982	253	31.67796	19	60	119	20.40336	60.00000	26
983	368	31.68233	16	60	69	27.39130	60.00000	11
984	396	31.72775	16	60	105	17.14286	60.00000	21
985	538	31.17504	16	60	109	17.22936	60.00000	1
986	557	31.75646	16	60	85	21.50588	60.00000	5
987	220	31.30223	16	60	69	27.39130	60.00000	11
988	738	31.57580	17	60	69	27.39130	60.00000	11
989	865	31.14865	20	60	68	22.50000	60.00000	23
990	953	31.73238	18	60	69	27.39130	60.00000	11
991	814	31.66811	14	60	85	21.50588	60.00000	5
992	744	31.73718	17	60	93	25.97849	60.00000	25
993	317	31.35113	21	60	117	25.67521	60.00000	12
994	330	31.67606	18	60	77	30.62338	60.00000	22
995	431	30.66947	20	60	69	27.39130	60.00000	11
996	676	31.56228	17	60	117	25.67521	60.00000	12
997	283	30.43550	20	60	117	25.67521	60.00000	12
998	767	31.74112	16	60	119	20.40336	60.00000	26
999	737	31.76185	16	60	89	23.03371	60.00000	18
