0	1	0	0	0	0	0	0	15	16	0	0	0	0	0	0	0	0	0	0	0	0	0	13	0	0	0	0	16	0	
1	22	0	0	0	0	0	0	0	0	0	0	0	15	0	0	0	0	0	0	0	0	0	13	0	14	15	0	0	0	
2	52	0	13	16	0	0	0	11	0	0	0	0	0	17	0	0	0	0	0	0	0	0	0	0	0	0	0	0	0	
3	84	0	0	0	0	0	0	0	60	0	0	0	0	0	0	0	0	0	0	0	0	0	0	0	0	0	0	0	0	
4	106	0	0	0	0	0	0	0	60	0	0	0	0	0	0	0	0	0	0	0	0	0	0	0	0	0	0	0	0	
5	131	0	0	0	0	0	0	0	60	0	0	0	0	0	0	0	0	0	0	0	0	0	0	0	0	0	0	0	0	
6	133	0	0	0	0	0	0	0	60	0	0	0	0	0	0	0	0	0	0	0	0	0	0	0	0	0	0	0	0	
7	166	0	0	15	0	0	0	8	0	0	0	0	0	11	0	0	0	0	0	0	0	0	0	0	0	0	0	22	0	
8	174	0	0	0	0	0	0	60	0	0	0	0	0	0	0	0	0	0	0	0	0	0	0	0	0	0	0	0	0	
9	178	0	0	0	0	0	0	0	60	0	0	0	0	0	0	0	0	0	0	0	0	0	0	0	0	0	0	0	0	
10	179	0	0	0	0	0	0	0	0	0	0	0	0	0	0	0	0	0	0	0	0	0	60	0	0	0	0	0	0	
11	205	0	0	0	0	0	0	0	0	0	0	0	0	0	0	16	0	0	0	0	0	0	0	0	0	0	14	14	15	
12	221	0	0	0	0	0	0	0	60	0	0	0	0	0	0	0	0	0	0	0	0	0	0	0	0	0	0	0	0	
13	232	0	0	0	0	12	0	0	16	0	0	0	0	0	0	0	0	0	0	0	0	0	14	0	0	0	18	0	0	
14	240	0	0	0	0	0	0	11	0	0	0	0	0	16	0	0	0	0	0	0	0	0	0	0	0	15	18	0	0	
15	241	0	0	0	0	0	0	0	0	0	0	0	0	0	0	15	0	0	0	14	0	0	15	15	0	0	0	0	0	
16	266	0	11	0	0	0	15	13	0	0	0	0	0	18	0	0	0	0	0	0	0	0	0	0	0	0	0	0	0	
17	281	0	0	0	0	0	0	0	60	0	0	0	0	0	0	0	0	0	0	0	0	0	0	0	0	0	0	0	0	
18	292	0	0	0	0	0	0	60	0	0	0	0	0	0	0	0	0	0	0	0	0	0	0	0	0	0	0	0	0	
19	296	0	11	0	0	0	0	10	0	0	0	0	0	0	0	0	0	0	0	0	0	0	0	15	0	0	0	19	0	
20	308	0	0	0	0	0	0	0	0	0	0	0	0	0	0	0	0	0	0	0	0	0	0	0	0	0	0	60	0	
21	318	0	0	0	0	0	0	0	60	0	0	0	0	0	0	0	0	0	0	0	0	0	0	0	0	0	0	0	0	
22	407	0	0	0	0	0	0	60	0	0	0	0	0	0	0	0	0	0	0	0	0	0	0	0	0	0	0	0	0	
23	409	0	0	0	0	0	0	0	0	0	0	0	0	0	0	0	0	0	0	0	0	0	0	0	0	0	0	60	0	
24	424	0	0	0	0	0	0	0	0	0	0	0	0	0	0	0	0	0	0	0	0	0	60	0	0	0	0	0	0	
25	427	0	7	0	0	0	0	8	0	0	0	0	0	20	0	0	0	0	0	0	0	0	0	0	0	0	0	14	0	
26	444	0	0	0	0	0	0	0	0	0	0	0	0	0	0	0	0	0	0	0	0	0	60	0	0	0	0	0	0	
27	445	0	0	0	0	0	0	0	60	0	0	0	0	0	0	0	0	0	0	0	0	0	0	0	0	0	0	0	0	
28	451	0	0	0	0	0	0	0	0	0	0	0	0	0	0	0	0	0	0	0	0	0	0	0	0	0	0	60	0	
29	483	0	0	0	0	0	0	0	60	0	0	0	0	0	0	0	0	0	0	0	0	0	0	0	0	0	0	0	0	
30	497	0	13	0	0	0	0	14	0	0	0	0	0	0	0	0	0	0	0	17	0	0	0	0	0	0	0	9	0	
31	529	0	0	13	0	0	0	0	12	0	0	0	0	0	0	0	0	0	0	0	0	0	0	0	0	17	18	0	0	
32	536	0	0	0	0	0	0	60	0	0	0	0	0	0	0	0	0	0	0	0	0	0	0	0	0	0	0	0	0	
33	550	0	0	0	0	0	0	60	0	0	0	0	0	0	0	0	0	0	0	0	0	0	0	0	0	0	0	0	0	
34	552	0	0	0	0	0	0	0	0	0	0	0	0	0	0	0	0	0	0	0	0	0	60	0	0	0	0	0	0	
35	604	16	0	0	0	0	0	0	15	0	0	0	0	0	0	0	0	0	15	0	0	0	0	0	14	0	0	0	0	
36	633	0	0	0	0	0	0	0	60	0	0	0	0	0	0	0	0	0	0	0	0	0	0	0	0	0	0	0	0	
37	656	18	0	0	0	0	0	0	0	0	0	0	0	0	0	0	0	0	17	0	0	11	12	0	0	0	0	0	0	
38	678	0	0	0	0	0	0	0	60	0	0	0	0	0	0	0	0	0	0	0	0	0	0	0	0	0	0	0	0	
39	680	0	0	0	0	0	0	60	0	0	0	0	0	0	0	0	0	0	0	0	0	0	0	0	0	0	0	0	0	
40	713	0	7	0	0	0	0	6	0	0	0	0	0	17	0	0	0	0	0	0	0	0	0	0	0	0	0	16	0	
41	725	0	9	0	0	0	0	9	0	0	0	0	0	13	0	0	0	0	0	0	0	0	0	0	0	0	0	14	0	
42	734	0	0	0	0	0	0	0	0	0	0	0	0	0	0	0	0	0	0	0	0	0	60	0	0	0	0	0	0	
43	758	0	0	0	0	0	0	0	0	0	0	0	0	0	0	0	0	0	0	0	0	0	60	0	0	0	0	0	0	
44	759	0	0	0	0	0	0	0	0	19	0	0	0	0	0	0	0	0	0	0	0	0	9	0	13	0	17	0	0	
45	772	0	0	0	0	0	0	0	0	0	0	0	0	0	0	0	0	0	0	0	0	0	0	0	0	0	0	60	0	
46	781	0	0	0	0	0	0	0	0	0	0	0	0	0	0	0	0	0	0	0	0	0	0	0	0	0	0	60	0	
47	782	0	0	0	0	0	0	0	0	0	0	0	0	0	0	0	0	0	0	0	0	0	60	0	0	0	0	0	0	
48	792	15	0	0	0	0	0	17	0	0	0	0	0	0	0	0	0	0	0	0	0	0	0	15	0	0	0	11	0	
49	825	0	0	0	0	0	0	0	0	0	0	0	0	0	0	0	0	0	0	0	0	0	60	0	0	0	0	0	0	
50	848	0	0	0	0	0	0	0	0	0	0	0	0	0	0	0	0	0	0	0	0	0	0	0	0	0	0	60	0	
51	852	0	0	0	0	0	0	0	0	0	0	0	0	0	0	0	0	0	0	0	0	0	0	0	0	0	0	60	0	
52	875	0	0	0	0	0	0	60	0	0	0	0	0	0	0	0	0	0	0	0	0	0	0	0	0	0	0	0	0	
53	879	0	0	0	0	0	0	0	0	0	0	0	21	0	0	0	0	0	0	0	0	0	6	0	14	0	0	16	0	
54	893	0	0	0	0	0	0	4	0	0	0	0	0	17	7	0	0	0	0	0	0	0	0	0	0	0	0	24	0	
55	912	0	0	0	0	0	0	0	0	0	0	0	0	0	0	0	0	0	0	0	0	0	60	0	0	0	0	0	0	
56	916	0	0	0	0	0	0	0	0	0	0	0	0	0	0	0	0	0	0	0	0	0	0	0	0	0	0	60	0	
57	919	0	0	0	0	0	0	15	0	0	0	0	0	0	0	7	0	0	0	0	0	0	0	16	0	0	21	0	0	
58	937	0	0	0	16	0	0	9	0	0	16	0	0	18	0	0	0	0	0	0	0	0	0	0	0	0	0	0	0	
59	950	0	9	0	0	12	0	14	0	0	0	0	0	0	0	0	0	0	0	0	0	0	0	0	0	0	0	11	0	
60	963	0	0	0	0	0	0	0	60	0	0	0	0	0	0	0	0	0	0	0	0	0	0	0	0	0	0	0	0	
61	2	0	0	0	0	0	0	0	0	0	0	0	0	60	0	0	0	0	0	0	0	0	0	0	0	0	0	0	0	
62	4	0	0	0	0	0	0	0	0	0	0	0	0	60	0	0	0	0	0	0	0	0	0	0	0	0	0	0	0	
63	6	0	8	0	0	0	0	12	0	0	0	0	0	14	0	0	0	0	0	0	0	0	0	0	0	0	0	13	0	
64	92	0	0	0	0	0	0	0	0	0	0	0	0	60	0	0	0	0	0	0	0	0	0	0	0	0	0	0	0	
65	94	0	0	0	0	15	0	0	0	0	0	0	0	15	0	11	0	0	0	0	0	0	0	0	0	0	16	0	0	
66	108	0	11	0	0	0	0	12	0	0	0	0	0	13	0	0	0	0	0	0	0	0	0	0	0	0	0	14	0	
67	119	0	0	0	0	0	0	0	0	0	0	0	0	60	0	0	0	0	0	0	0	0	0	0	0	0	0	0	0	
68	160	0	0	0	0	0	0	0	0	0	0	0	0	60	0	0	0	0	0	0	0	0	0	0	0	0	0	0	0	
69	188	17	0	0	0	0	0	0	0	0	0	0	0	18	0	0	0	0	0	0	0	0	12	0	0	0	0	12	0	
70	195	0	0	0	0	0	0	15	0	0	0	0	0	16	0	15	0	0	0	0	0	0	0	0	0	0	0	10	0	
71	197	0	0	0	0	0	0	0	0	0	0	0	0	60	0	0	0	0	0	0	0	0	0	0	0	0	0	0	0	
72	248	0	0	0	0	0	0	0	0	0	0	0	0	60	0	0	0	0	0	0	0	0	0	0	0	0	0	0	0	
73	269	0	0	0	0	0	0	0	0	0	0	18	0	15	0	0	0	11	0	0	0	16	0	0	0	0	0	0	0	
74	324	0	0	0	0	0	0	0	0	0	0	0	0	60	0	0	0	0	0	0	0	0	0	0	0	0	0	0	0	
75	352	0	7	0	0	0	0	8	0	0	0	0	0	17	0	0	0	0	0	0	0	0	0	0	0	0	0	14	0	
76	361	0	10	0	0	0	0	8	0	0	0	0	0	17	0	0	0	0	0	0	0	0	0	0	0	0	0	13	0	
77	367	0	0	0	0	0	0	0	0	0	0	0	0	60	0	0	0	0	0	0	0	0	0	0	0	0	0	0	0	
78	373	0	0	0	0	0	0	0	0	0	19	13	0	14	0	0	0	0	0	0	0	0	0	0	0	0	0	14	0	
79	381	0	0	0	0	0	0	0	0	0	0	0	0	60	0	0	0	0	0	0	0	0	0	0	0	0	0	0	0	
80	389	0	10	0	0	0	0	8	0	0	0	0	0	16	0	0	0	0	0	0	0	0	0	0	0	0	0	7	0	
81	404	0	0	0	0	0	0	0	0	0	0	0	0	60	0	0	0	0	0	0	0	0	0	0	0	0	0	0	0	
82	414	0	0	0	0	0	0	11	0	0	16	0	0	17	0	0	0	0	0	0	15	0	0	0	0	0	0	0	0	
83	417	0	0	0	0	0	0	0	0	0	0	0	0	13	0	0	15	0	0	0	0	0	0	0	0	0	16	0	16	
84	428	0	0	0	0	0	0	0	0	0	0	0	0	60	0	0	0	0	0	0	0	0	0	0	0	0	0	0	0	
85	439	0	0	0	0	0	0	0	0	0	0	0	0	60	0	0	0	0	0	0	0	0	0	0	0	0	0	0	0	
86	446	0	0	0	0	13	0	0	0	0	0	0	0	15	0	0	0	14	0	0	0	0	0	0	0	0	18	0	0	
87	447	0	0	0	0	0	0	0	0	0	0	0	0	60	0	0	0	0	0	0	0	0	0	0	0	0	0	0	0	
88	452	0	8	16	0	0	0	0	0	0	0	0	0	17	0	0	0	0	0	0	0	0	0	0	0	0	0	13	0	
89	453	0	0	0	0	0	0	0	0	0	0	0	19	16	0	0	0	0	0	0	0	0	10	0	0	0	0	0	15	
90	456	0	16	0	0	0	0	0	0	0	0	0	0	18	0	0	0	0	0	0	0	0	12	0	0	0	0	7	0	
91	462	0	0	0	0	0	0	0	0	0	0	0	0	60	0	0	0	0	0	0	0	0	0	0	0	0	0	0	0	
92	487	0	0	29	0	0	0	0	0	0	0	0	0	15	0	0	0	0	0	0	0	0	0	0	0	0	15	0	0	
93	555	15	0	14	0	0	0	0	0	0	0	0	0	15	0	0	0	0	0	0	0	0	0	0	0	16	0	0	0	
94	575	14	7	0	0	0	0	0	0	0	0	0	0	13	0	0	0	0	0	0	0	0	0	0	0	0	0	17	0	
95	592	0	0	0	0	0	0	0	0	0	0	0	0	60	0	0	0	0	0	0	0	0	0	0	0	0	0	0	0	
96	601	0	0	0	0	0	0	0	0	0	0	0	0	60	0	0	0	0	0	0	0	0	0	0	0	0	0	0	0	
97	619	16	0	0	0	0	0	0	0	16	0	0	0	14	0	0	0	0	0	0	0	0	0	0	0	14	0	0	0	
98	626	0	0	0	0	0	0	0	0	0	0	0	0	60	0	0	0	0	0	0	0	0	0	0	0	0	0	0	0	
99	643	0	0	0	0	0	0	0	0	19	0	0	0	14	0	0	0	0	0	0	0	10	16	0	0	0	0	0	0	
100	648	0	0	0	11	0	0	0	0	0	0	0	0	19	0	0	0	0	0	18	0	0	0	0	0	0	0	12	0	
101	661	0	0	0	0	0	0	0	0	0	0	0	0	60	0	0	0	0	0	0	0	0	0	0	0	0	0	0	0	
102	667	0	0	30	0	0	0	0	0	0	0	0	0	14	0	0	0	0	0	0	1	0	0	15	0	0	0	0	0	
103	745	0	12	31	0	0	0	0	0	0	0	0	0	16	0	0	0	0	0	0	0	0	0	0	0	0	0	0	0	
104	748	0	8	0	0	0	0	7	0	0	0	0	0	16	0	0	0	0	0	0	0	0	0	0	0	0	0	14	0	
105	790	0	0	0	0	0	0	0	0	0	0	0	0	60	0	0	0	0	0	0	0	0	0	0	0	0	0	0	0	
106	829	0	9	0	0	0	0	10	0	0	0	0	0	13	0	0	0	0	0	0	0	0	0	0	0	0	0	13	0	
107	841	0	0	0	0	0	0	0	0	0	0	0	0	60	0	0	0	0	0	0	0	0	0	0	0	0	0	0	0	
108	851	0	0	0	0	0	0	0	0	0	0	0	16	16	0	0	0	0	0	0	0	0	13	0	13	0	0	0	0	
109	868	0	0	0	0	0	10	0	15	0	0	0	0	14	0	0	17	0	0	0	0	0	0	0	0	0	0	0	0	
110	881	0	9	14	0	0	0	0	0	0	0	0	0	17	0	0	0	0	0	0	0	0	0	0	0	0	0	13	0	
111	884	0	0	0	0	0	0	0	0	0	0	0	0	60	0	0	0	0	0	0	0	0	0	0	0	0	0	0	0	
112	906	0	0	0	12	0	0	0	0	0	16	0	0	16	0	0	0	16	0	0	0	0	0	0	0	0	0	0	0	
113	917	0	0	0	15	11	0	0	0	0	0	0	0	15	0	18	0	0	0	0	0	0	0	0	0	0	0	0	0	
114	923	0	0	0	0	0	0	0	0	0	0	0	0	60	0	0	0	0	0	0	0	0	0	0	0	0	0	0	0	
115	978	0	7	0	0	0	0	0	0	0	0	0	0	14	0	0	0	0	0	0	0	0	16	0	0	0	0	17	0	
116	981	0	0	0	0	0	0	0	0	0	0	0	0	60	0	0	0	0	0	0	0	0	0	0	0	0	0	0	0	
117	990	0	0	14	0	0	15	0	14	0	0	0	0	15	0	0	0	0	0	0	0	0	0	0	0	0	0	1	0	
118	997	0	0	0	0	0	0	0	0	0	0	0	0	60	0	0	0	0	0	0	0	0	0	0	0	0	0	0	0	
119	3	16	0	0	0	0	0	0	0	0	0	15	0	0	0	0	0	14	0	14	0	0	0	0	0	0	0	0	0	
120	13	0	0	0	0	0	0	0	0	0	0	60	0	0	0	0	0	0	0	0	0	0	0	0	0	0	0	0	0	
121	32	0	0	0	0	0	0	0	0	0	0	0	0	0	0	0	0	60	0	0	0	0	0	0	0	0	0	0	0	
122	64	0	0	0	0	0	0	0	0	0	0	60	0	0	0	0	0	0	0	0	0	0	0	0	0	0	0	0	0	
123	80	60	0	0	0	0	0	0	0	0	0	0	0	0	0	0	0	0	0	0	0	0	0	0	0	0	0	0	0	
124	81	0	0	0	0	0	0	0	0	0	0	0	0	0	0	0	0	60	0	0	0	0	0	0	0	0	0	0	0	
125	86	0	0	0	0	0	0	0	0	0	0	60	0	0	0	0	0	0	0	0	0	0	0	0	0	0	0	0	0	
126	93	0	0	0	0	0	0	0	0	0	0	0	0	0	0	0	0	60	0	0	0	0	0	0	0	0	0	0	0	
127	101	0	0	0	0	0	0	0	0	0	0	60	0	0	0	0	0	0	0	0	0	0	0	0	0	0	0	0	0	
128	122	0	0	0	0	0	0	0	0	0	0	0	0	0	0	0	0	0	0	60	0	0	0	0	0	0	0	0	0	
129	151	0	0	0	0	0	0	0	0	0	0	60	0	0	0	0	0	0	0	0	0	0	0	0	0	0	0	0	0	
130	154	0	0	0	0	0	0	0	0	0	0	60	0	0	0	0	0	0	0	0	0	0	0	0	0	0	0	0	0	
131	158	0	0	0	0	0	0	0	0	0	0	0	0	0	0	0	0	60	0	0	0	0	0	0	0	0	0	0	0	
132	187	60	0	0	0	0	0	0	0	0	0	0	0	0	0	0	0	0	0	0	0	0	0	0	0	0	0	0	0	
133	224	60	0	0	0	0	0	0	0	0	0	0	0	0	0	0	0	0	0	0	0	0	0	0	0	0	0	0	0	
134	226	0	0	0	0	0	0	0	0	0	0	0	0	0	0	0	0	60	0	0	0	0	0	0	0	0	0	0	0	
135	246	0	0	0	0	0	0	0	0	0	0	0	0	0	0	0	0	0	0	60	0	0	0	0	0	0	0	0	0	
136	271	0	0	0	0	0	0	0	0	0	0	60	0	0	0	0	0	0	0	0	0	0	0	0	0	0	0	0	0	
137	279	0	0	0	0	0	0	0	0	0	0	0	0	0	0	0	0	0	0	60	0	0	0	0	0	0	0	0	0	
138	295	0	0	0	0	0	0	0	0	0	0	0	0	0	0	0	0	0	0	60	0	0	0	0	0	0	0	0	0	
139	322	60	0	0	0	0	0	0	0	0	0	0	0	0	0	0	0	0	0	0	0	0	0	0	0	0	0	0	0	
140	325	0	0	0	0	0	0	0	0	0	0	0	0	0	0	0	0	60	0	0	0	0	0	0	0	0	0	0	0	
141	335	0	0	0	0	0	0	0	0	0	0	0	0	0	0	0	0	0	0	60	0	0	0	0	0	0	0	0	0	
142	350	0	0	0	0	0	0	0	0	0	0	60	0	0	0	0	0	0	0	0	0	0	0	0	0	0	0	0	0	
143	403	0	0	0	0	0	0	0	0	0	0	0	0	0	0	0	0	60	0	0	0	0	0	0	0	0	0	0	0	
144	408	0	0	0	0	0	0	0	0	0	0	0	0	0	0	0	0	0	0	60	0	0	0	0	0	0	0	0	0	
145	425	60	0	0	0	0	0	0	0	0	0	0	0	0	0	0	0	0	0	0	0	0	0	0	0	0	0	0	0	
146	443	0	0	0	0	0	0	0	0	0	0	0	0	0	0	0	0	0	0	60	0	0	0	0	0	0	0	0	0	
147	481	0	0	0	0	0	0	0	0	0	0	0	0	0	0	0	0	60	0	0	0	0	0	0	0	0	0	0	0	
148	541	0	0	0	0	0	0	0	0	0	0	60	0	0	0	0	0	0	0	0	0	0	0	0	0	0	0	0	0	
149	578	60	0	0	0	0	0	0	0	0	0	0	0	0	0	0	0	0	0	0	0	0	0	0	0	0	0	0	0	
150	599	60	0	0	0	0	0	0	0	0	0	0	0	0	0	0	0	0	0	0	0	0	0	0	0	0	0	0	0	
151	634	0	0	0	0	0	0	0	0	0	0	60	0	0	0	0	0	0	0	0	0	0	0	0	0	0	0	0	0	
152	652	60	0	0	0	0	0	0	0	0	0	0	0	0	0	0	0	0	0	0	0	0	0	0	0	0	0	0	0	
153	653	0	0	0	10	0	0	0	0	0	0	16	0	0	0	0	0	12	17	0	0	0	0	0	0	0	0	0	0	
154	657	0	0	0	0	0	0	0	0	0	0	0	0	0	0	0	0	0	0	60	0	0	0	0	0	0	0	0	0	
155	666	0	0	0	0	0	0	0	0	0	0	0	0	0	0	0	0	0	0	60	0	0	0	0	0	0	0	0	0	
156	682	0	0	0	0	0	0	0	0	0	0	0	0	0	0	0	0	0	0	60	0	0	0	0	0	0	0	0	0	
157	697	0	0	0	0	15	0	0	0	0	0	0	0	0	0	0	0	9	0	17	0	0	0	0	0	0	0	0	18	
158	716	60	0	0	0	0	0	0	0	0	0	0	0	0	0	0	0	0	0	0	0	0	0	0	0	0	0	0	0	
159	742	60	0	0	0	0	0	0	0	0	0	0	0	0	0	0	0	0	0	0	0	0	0	0	0	0	0	0	0	
160	754	0	0	0	0	0	0	0	0	0	0	60	0	0	0	0	0	0	0	0	0	0	0	0	0	0	0	0	0	
161	756	0	0	0	0	0	0	0	0	0	0	0	0	0	0	0	0	14	0	15	0	0	0	0	0	0	15	0	15	
162	768	60	0	0	0	0	0	0	0	0	0	0	0	0	0	0	0	0	0	0	0	0	0	0	0	0	0	0	0	
163	778	0	0	0	10	0	0	0	0	0	0	16	0	0	0	0	0	13	0	13	0	0	0	0	0	0	0	0	0	
164	804	0	0	0	0	0	0	0	0	0	17	12	0	0	0	14	0	15	0	0	0	0	0	0	0	0	0	0	0	
165	839	0	0	16	13	0	0	0	0	0	0	13	0	0	0	0	0	9	0	0	0	0	0	0	0	0	0	0	0	
166	858	18	0	0	0	0	0	0	0	0	0	0	0	0	0	0	0	13	18	0	0	10	0	0	0	0	0	0	0	
167	864	0	0	0	0	0	0	0	0	15	0	0	0	0	0	0	0	12	0	0	10	14	0	0	0	0	0	0	0	
168	869	60	0	0	0	0	0	0	0	0	0	0	0	0	0	0	0	0	0	0	0	0	0	0	0	0	0	0	0	
169	885	60	0	0	0	0	0	0	0	0	0	0	0	0	0	0	0	0	0	0	0	0	0	0	0	0	0	0	0	
170	900	0	0	31	15	0	0	0	0	0	0	0	0	0	0	0	0	14	0	0	0	0	0	0	0	0	0	0	0	
171	907	0	0	0	0	0	0	0	0	0	0	0	0	0	0	0	0	0	0	60	0	0	0	0	0	0	0	0	0	
172	924	0	0	0	0	0	0	0	0	0	0	60	0	0	0	0	0	0	0	0	0	0	0	0	0	0	0	0	0	
173	931	0	0	0	0	0	0	0	0	0	0	0	0	0	0	10	0	0	0	16	0	0	0	0	0	0	17	0	14	
174	934	60	0	0	0	0	0	0	0	0	0	0	0	0	0	0	0	0	0	0	0	0	0	0	0	0	0	0	0	
175	938	0	0	0	0	0	0	17	0	0	17	11	0	0	0	0	0	0	0	0	15	0	0	0	0	0	0	0	0	
176	952	0	0	0	0	0	0	0	0	0	0	0	16	0	0	13	0	17	0	0	0	0	0	0	0	14	0	0	0	
177	991	15	0	0	0	0	11	0	0	0	0	0	0	0	0	0	19	0	0	0	0	12	0	0	0	0	0	0	0	
178	17	0	10	16	0	0	0	14	0	0	0	0	0	18	0	0	0	0	0	0	0	0	0	0	0	0	0	0	0	
179	68	0	0	0	0	0	0	0	14	0	17	0	0	13	0	0	0	0	0	0	0	0	0	0	16	0	0	0	0	
180	90	0	11	0	0	0	0	9	0	0	0	0	0	15	0	0	0	0	0	0	0	0	0	0	0	0	0	8	0	
181	91	0	10	0	0	0	0	11	0	0	0	0	0	17	0	0	0	0	0	0	0	0	0	0	0	0	0	11	0	
182	120	0	0	0	14	0	0	0	0	0	0	0	0	16	0	0	16	0	0	0	0	14	0	0	0	0	0	0	0	
183	134	0	8	0	0	0	0	0	0	0	0	0	0	14	0	0	0	0	0	0	0	0	0	0	0	0	0	15	16	
184	294	0	13	0	0	0	0	0	0	0	0	0	0	16	0	12	0	0	0	0	0	0	0	0	0	0	0	9	0	
185	329	0	0	0	0	15	0	0	0	0	0	0	0	16	0	13	0	0	0	0	0	0	0	0	0	15	0	0	0	
186	331	0	0	0	0	13	0	0	0	0	0	0	0	13	0	14	0	0	0	0	0	0	0	0	0	0	17	0	0	
187	388	15	0	0	0	0	0	0	0	0	0	16	0	15	0	0	0	0	0	14	0	0	0	0	0	0	0	0	0	
188	510	0	10	0	0	0	0	0	0	0	0	0	0	16	0	0	0	0	0	0	0	0	16	0	0	0	0	16	0	
189	556	0	13	14	0	0	0	8	0	0	0	0	0	24	0	0	0	0	0	0	0	0	0	0	0	0	0	0	0	
190	600	0	0	0	0	0	11	0	13	0	0	0	0	15	0	0	17	0	0	0	0	0	0	0	0	0	0	0	0	
191	611	0	7	0	0	0	0	16	0	0	0	0	0	17	0	0	0	0	0	16	0	0	0	0	0	0	0	0	0	
192	627	0	0	0	0	0	0	14	0	0	0	0	0	16	0	0	0	0	0	0	0	0	0	0	12	0	0	12	0	
193	668	0	9	0	0	0	0	9	0	0	0	0	0	17	0	0	0	0	0	0	0	0	0	0	0	0	0	13	0	
194	695	0	0	0	0	0	0	0	0	0	0	0	0	60	0	0	0	0	0	0	0	0	0	0	0	0	0	0	0	
195	755	0	5	0	0	0	0	16	0	0	0	0	0	18	0	0	0	0	0	0	0	0	0	0	0	0	0	6	0	
196	769	0	6	0	0	0	0	0	0	0	0	0	0	16	0	0	0	0	0	0	0	0	0	0	0	0	0	15	16	
197	800	0	0	0	0	0	14	0	0	0	17	0	0	13	0	16	0	0	0	0	0	0	0	0	0	0	0	0	0	
198	941	0	0	0	15	0	15	0	0	0	0	0	0	13	0	0	15	0	0	0	0	0	0	0	0	0	0	0	0	
199	982	0	0	0	0	0	0	10	0	0	0	0	0	17	4	0	0	0	0	0	0	0	0	0	0	0	0	23	0	
200	5	0	0	0	0	0	0	15	14	0	16	0	0	0	0	0	0	0	0	0	0	0	0	15	0	0	0	0	0	
201	26	16	10	0	0	0	0	17	0	0	0	0	0	0	0	0	0	0	0	0	0	0	0	0	0	0	0	11	0	
202	27	0	10	0	0	0	0	13	0	0	0	0	0	0	0	0	0	0	0	0	0	0	0	0	14	0	0	16	0	
203	35	0	0	0	0	0	0	0	0	0	60	0	0	0	0	0	0	0	0	0	0	0	0	0	0	0	0	0	0	
204	42	0	0	0	0	0	0	0	0	0	0	0	0	0	0	0	0	0	0	0	0	0	0	60	0	0	0	0	0	
205	65	0	0	0	0	0	0	0	0	0	60	0	0	0	0	0	0	0	0	0	0	0	0	0	0	0	0	0	0	
206	126	0	11	0	15	0	0	11	0	0	0	0	0	0	0	0	0	0	0	0	0	0	0	0	0	0	0	16	0	
207	146	0	0	0	0	0	0	0	0	0	0	0	0	0	0	0	0	0	0	0	0	0	0	60	0	0	0	0	0	
208	157	0	0	0	0	0	0	0	0	0	60	0	0	0	0	0	0	0	0	0	0	0	0	0	0	0	0	0	0	
209	159	0	9	0	0	0	0	15	0	0	0	15	0	0	0	0	0	0	0	0	0	0	0	0	0	0	0	12	0	
210	171	0	0	0	0	0	0	60	0	0	0	0	0	0	0	0	0	0	0	0	0	0	0	0	0	0	0	0	0	
211	186	0	0	0	0	0	0	0	0	0	0	0	0	0	0	0	0	0	0	0	0	0	0	60	0	0	0	0	0	
212	206	0	0	0	0	0	0	0	0	0	60	0	0	0	0	0	0	0	0	0	0	0	0	0	0	0	0	0	0	
213	229	0	0	0	0	14	0	0	15	0	0	0	0	0	0	0	15	0	0	0	0	0	0	0	0	0	0	0	15	
214	243	0	0	0	0	0	0	0	0	0	0	0	0	0	0	0	0	0	0	0	0	0	0	60	0	0	0	0	0	
215	262	0	0	0	0	0	15	0	13	0	0	0	0	0	0	0	15	0	0	0	0	0	0	0	0	0	0	15	0	
216	265	0	0	0	0	0	0	60	0	0	0	0	0	0	0	0	0	0	0	0	0	0	0	0	0	0	0	0	0	
217	275	0	0	0	0	0	0	0	60	0	0	0	0	0	0	0	0	0	0	0	0	0	0	0	0	0	0	0	0	
218	287	0	0	0	0	0	0	0	0	0	0	0	0	0	0	0	0	0	0	0	0	0	0	60	0	0	0	0	0	
219	290	0	0	0	0	0	0	60	0	0	0	0	0	0	0	0	0	0	0	0	0	0	0	0	0	0	0	0	0	
220	307	0	0	0	0	0	0	0	0	0	60	0	0	0	0	0	0	0	0	0	0	0	0	0	0	0	0	0	0	
221	313	0	0	0	0	0	0	0	0	0	60	0	0	0	0	0	0	0	0	0	0	0	0	0	0	0	0	0	0	
222	319	0	0	0	0	0	0	0	0	0	0	0	0	0	0	0	0	0	0	0	0	0	0	60	0	0	0	0	0	
223	332	0	0	0	0	0	16	0	12	0	17	0	0	0	0	0	15	0	0	0	0	0	0	0	0	0	0	0	0	
224	342	0	0	0	0	0	0	0	0	0	0	0	0	0	0	0	0	0	0	0	0	0	0	60	0	0	0	0	0	
225	358	0	0	0	0	0	0	60	0	0	0	0	0	0	0	0	0	0	0	0	0	0	0	0	0	0	0	0	0	
226	477	0	0	0	0	0	0	0	0	0	60	0	0	0	0	0	0	0	0	0	0	0	0	0	0	0	0	0	0	
227	486	0	0	0	13	0	0	12	0	16	0	0	0	19	0	0	0	0	0	0	0	0	0	0	0	0	0	0	0	
228	533	0	0	0	0	0	0	0	0	0	56	0	0	0	0	0	0	0	0	0	0	0	0	0	0	0	0	0	0	
229	559	0	0	0	0	0	0	0	0	0	60	0	0	0	0	0	0	0	0	0	0	0	0	0	0	0	0	0	0	
230	596	0	0	0	0	0	0	0	0	0	60	0	0	0	0	0	0	0	0	0	0	0	0	0	0	0	0	0	0	
231	617	0	0	0	0	0	0	0	0	0	60	0	0	0	0	0	0	0	0	0	0	0	0	0	0	0	0	0	0	
232	679	0	0	0	0	0	0	0	60	0	0	0	0	0	0	0	0	0	0	0	0	0	0	0	0	0	0	0	0	
233	687	0	0	0	0	0	0	0	0	0	0	0	0	0	0	0	0	0	0	0	0	0	0	60	0	0	0	0	0	
234	689	0	0	0	0	0	0	0	0	0	60	0	0	0	0	0	0	0	0	0	0	0	0	0	0	0	0	0	0	
235	770	0	0	0	0	0	0	0	0	0	0	0	0	0	0	0	0	0	0	0	0	0	0	60	0	0	0	0	0	
236	777	0	0	0	0	0	0	0	0	0	60	0	0	0	0	0	0	0	0	0	0	0	0	0	0	0	0	0	0	
237	794	0	0	0	0	0	0	0	0	0	0	0	0	0	0	0	0	0	0	0	0	0	0	60	0	0	0	0	0	
238	806	0	0	0	0	0	0	0	0	0	0	0	0	0	0	0	0	0	0	0	0	0	0	60	0	0	0	0	0	
239	824	0	0	0	0	0	0	0	0	0	0	0	0	0	0	0	0	0	0	0	0	0	0	60	0	0	0	0	0	
240	831	0	0	0	0	0	0	0	60	0	0	0	0	0	0	0	0	0	0	0	0	0	0	0	0	0	0	0	0	
241	844	0	0	0	0	0	0	0	0	0	60	0	0	0	0	0	0	0	0	0	0	0	0	0	0	0	0	0	0	
242	859	0	0	0	0	0	0	0	0	0	0	0	0	0	0	0	0	0	0	0	0	0	0	60	0	0	0	0	0	
243	867	0	0	0	0	0	0	0	0	0	0	0	0	0	0	0	0	0	0	0	0	0	0	60	0	0	0	0	0	
244	903	0	0	0	0	0	0	0	0	0	0	0	0	0	0	0	0	0	0	0	0	0	0	60	0	0	0	0	0	
245	926	0	0	0	0	0	0	60	0	0	0	0	0	0	0	0	0	0	0	0	0	0	0	0	0	0	0	0	0	
246	930	0	0	0	0	0	0	60	0	0	0	0	0	0	0	0	0	0	0	0	0	0	0	0	0	0	0	0	0	
247	967	0	0	0	0	0	12	0	9	0	0	0	0	0	0	0	18	0	0	16	0	0	0	0	0	0	0	0	0	
248	986	0	0	0	0	0	18	0	11	14	0	0	0	0	0	0	14	0	0	0	0	0	0	0	0	0	0	0	0	
249	998	0	0	0	0	0	0	0	0	0	60	0	0	0	0	0	0	0	0	0	0	0	0	0	0	0	0	0	0	
250	85	0	58	0	0	0	0	0	0	0	0	0	0	0	2	0	0	0	0	0	0	0	0	0	0	0	0	0	0	
251	263	0	58	0	0	0	0	0	0	0	0	0	0	0	2	0	0	0	0	0	0	0	0	0	0	0	0	0	0	
252	272	0	0	0	0	0	0	0	0	0	0	0	0	0	0	0	0	0	0	0	0	0	0	0	0	0	0	60	0	
253	297	0	0	0	0	0	0	0	0	0	0	0	0	0	0	0	0	0	0	0	0	0	0	0	0	0	0	60	0	
254	312	0	58	0	0	0	0	0	0	0	0	0	0	0	2	0	0	0	0	0	0	0	0	0	0	0	0	0	0	
255	337	0	9	0	0	0	0	15	0	0	16	0	0	0	0	0	0	0	0	0	0	0	0	0	0	0	0	13	0	
256	338	0	0	0	0	0	0	60	0	0	0	0	0	0	0	0	0	0	0	0	0	0	0	0	0	0	0	0	0	
257	371	0	12	0	0	0	0	9	0	0	0	0	0	0	0	0	0	0	0	0	0	0	0	15	0	0	0	17	0	
258	449	0	0	0	0	0	0	0	0	0	0	0	0	0	0	0	0	0	0	0	0	0	0	0	0	0	0	60	0	
259	463	0	58	0	0	0	0	0	0	0	0	0	0	0	2	0	0	0	0	0	0	0	0	0	0	0	0	0	0	
260	490	0	14	0	0	0	0	0	0	0	0	17	0	0	0	0	0	0	0	15	0	0	0	0	0	14	0	0	0	
261	501	0	60	0	0	0	0	0	0	0	0	0	0	0	0	0	0	0	0	0	0	0	0	0	0	0	0	0	0	
262	516	0	0	0	0	0	0	0	0	0	0	0	0	0	0	0	0	0	0	0	0	0	0	0	0	0	0	60	0	
263	525	0	58	0	0	0	0	0	0	0	0	0	0	0	2	0	0	0	0	0	0	0	0	0	0	0	0	0	0	
264	630	0	0	0	0	0	9	0	14	0	0	0	0	0	0	0	17	0	0	0	0	0	0	0	0	0	0	15	0	
265	651	0	0	0	0	0	14	0	15	0	0	0	0	0	0	0	14	0	0	0	0	0	0	0	0	0	0	15	0	
266	677	0	0	11	0	0	0	17	0	0	0	0	0	16	0	0	0	0	0	0	16	0	0	0	0	0	0	0	0	
267	704	0	59	0	0	0	0	0	0	0	0	0	0	0	1	0	0	0	0	0	0	0	0	0	0	0	0	0	0	
268	709	0	0	0	0	0	0	0	0	0	0	0	0	0	0	0	0	0	0	0	0	0	0	0	0	0	0	60	0	
269	718	0	5	0	0	0	0	14	0	0	0	0	0	0	0	13	0	0	0	0	0	0	0	0	0	0	0	23	0	
270	816	0	0	0	0	0	15	0	0	0	0	0	0	0	0	0	14	13	0	0	0	0	0	0	0	0	0	17	0	
271	932	0	0	0	0	0	0	0	0	0	0	0	0	0	0	0	0	0	0	0	0	0	0	0	0	0	0	60	0	
272	935	0	10	0	0	0	15	11	0	0	0	0	0	0	0	0	0	0	0	0	0	0	0	0	0	0	0	11	0	
273	7	0	7	0	0	0	0	14	0	0	0	15	0	0	0	0	0	0	0	0	0	0	0	0	0	0	0	15	0	
274	78	0	6	0	0	0	0	14	0	0	17	0	0	0	0	0	0	0	0	0	0	0	0	0	0	0	0	17	0	
275	110	0	59	0	0	0	0	0	0	0	0	0	0	0	1	0	0	0	0	0	0	0	0	0	0	0	0	0	0	
276	136	0	0	0	0	0	0	0	0	0	0	60	0	0	0	0	0	0	0	0	0	0	0	0	0	0	0	0	0	
277	165	0	10	0	0	0	0	14	15	0	0	0	0	0	0	0	0	0	0	0	0	0	0	0	0	0	0	13	0	
278	180	0	59	0	0	0	0	0	0	0	0	0	0	0	1	0	0	0	0	0	0	0	0	0	0	0	0	0	0	
279	235	0	0	0	0	0	0	0	0	0	0	14	19	0	0	0	15	0	0	0	0	0	0	0	12	0	0	0	0	
280	249	0	0	30	0	0	0	0	0	0	0	0	0	0	0	0	0	0	0	0	0	0	0	0	0	15	0	15	0	
281	303	0	8	0	0	0	0	12	0	0	0	0	0	0	0	0	0	0	0	0	0	0	0	15	0	0	0	20	0	
282	415	0	0	0	13	0	0	0	0	0	0	17	0	0	0	0	0	10	0	12	0	0	0	0	0	0	0	0	0	
283	513	0	0	0	0	0	0	0	0	0	0	60	0	0	0	0	0	0	0	0	0	0	0	0	0	0	0	0	0	
284	540	0	60	0	0	0	0	0	0	0	0	0	0	0	0	0	0	0	0	0	0	0	0	0	0	0	0	0	0	
285	551	0	0	0	0	0	0	17	0	0	0	0	17	15	0	0	0	0	0	0	0	0	10	0	0	0	0	0	0	
286	567	0	60	0	0	0	0	0	0	0	0	0	0	0	0	0	0	0	0	0	0	0	0	0	0	0	0	0	0	
287	616	0	0	0	0	0	0	0	0	0	0	60	0	0	0	0	0	0	0	0	0	0	0	0	0	0	0	0	0	
288	618	0	6	0	0	0	0	10	0	0	0	0	0	14	0	0	0	0	0	0	0	0	0	0	0	0	0	10	0	
289	635	0	9	0	0	14	0	0	0	0	0	0	0	13	0	0	0	0	0	0	0	0	0	0	0	0	0	16	0	
290	691	0	59	0	0	0	0	0	0	0	0	0	0	0	1	0	0	0	0	0	0	0	0	0	0	0	0	0	0	
291	702	15	8	0	0	0	0	0	0	0	15	0	0	0	0	0	0	0	0	0	0	0	0	0	0	0	0	22	0	
292	760	17	0	0	0	0	0	16	0	0	0	0	0	0	0	0	0	0	0	0	0	0	12	15	0	0	0	0	0	
293	773	17	0	0	0	0	0	0	0	0	0	0	0	0	0	0	0	0	0	0	0	0	6	0	17	0	0	16	0	
294	891	0	0	0	0	0	0	0	0	0	0	0	0	0	0	0	0	0	15	0	0	0	0	0	16	0	16	13	0	
295	911	0	8	0	0	0	0	0	0	0	15	0	0	0	0	0	0	0	0	0	0	0	0	0	0	0	0	20	16	
296	8	0	0	0	13	0	0	0	0	0	0	15	0	0	0	0	0	11	0	16	0	0	0	0	0	0	0	0	0	
297	30	0	0	0	14	0	0	0	0	0	15	0	0	15	0	0	16	0	0	0	0	0	0	0	0	0	0	0	0	
298	137	0	0	0	60	0	0	0	0	0	0	0	0	0	0	0	0	0	0	0	0	0	0	0	0	0	0	0	0	
299	149	0	0	0	60	0	0	0	0	0	0	0	0	0	0	0	0	0	0	0	0	0	0	0	0	0	0	0	0	
300	156	0	0	0	0	0	0	0	0	0	0	60	0	0	0	0	0	0	0	0	0	0	0	0	0	0	0	0	0	
301	173	0	0	0	60	0	0	0	0	0	0	0	0	0	0	0	0	0	0	0	0	0	0	0	0	0	0	0	0	
302	198	0	0	0	60	0	0	0	0	0	0	0	0	0	0	0	0	0	0	0	0	0	0	0	0	0	0	0	0	
303	199	0	0	0	12	0	0	0	0	0	0	12	0	0	0	0	0	10	0	16	0	0	0	0	0	0	0	0	0	
304	217	0	0	0	60	0	0	0	0	0	0	0	0	0	0	0	0	0	0	0	0	0	0	0	0	0	0	0	0	
305	238	0	0	0	60	0	0	0	0	0	0	0	0	0	0	0	0	0	0	0	0	0	0	0	0	0	0	0	0	
306	344	0	0	0	0	0	0	0	0	0	0	0	0	0	0	0	0	0	0	60	0	0	0	0	0	0	0	0	0	
307	366	0	0	0	0	0	0	0	0	0	0	0	0	0	0	0	0	0	0	60	0	0	0	0	0	0	0	0	0	
308	377	0	0	0	0	0	0	0	0	0	0	0	0	0	0	0	0	60	0	0	0	0	0	0	0	0	0	0	0	
309	436	0	0	0	0	0	0	0	0	0	0	0	0	0	0	0	0	0	0	60	0	0	0	0	0	0	0	0	0	
310	466	0	0	17	0	0	0	0	0	18	0	0	0	0	0	0	0	11	0	14	0	0	0	0	0	0	0	0	0	
311	478	0	0	0	60	0	0	0	0	0	0	0	0	0	0	0	0	0	0	0	0	0	0	0	0	0	0	0	0	
312	528	0	0	0	0	0	0	0	0	0	0	0	0	0	0	0	0	0	0	60	0	0	0	0	0	0	0	0	0	
313	530	0	0	0	0	0	0	0	0	0	0	0	0	0	0	0	14	0	0	17	14	0	14	0	0	0	0	0	0	
314	549	0	0	0	16	0	0	0	0	0	0	0	0	0	0	16	0	13	0	0	0	0	0	0	0	15	0	0	0	
315	553	0	0	0	0	0	0	0	0	0	0	0	0	0	0	0	0	0	0	60	0	0	0	0	0	0	0	0	0	
316	606	0	0	0	14	0	0	0	0	0	0	15	0	0	0	0	0	7	0	14	0	0	0	0	0	0	0	0	0	
317	608	0	0	0	60	0	0	0	0	0	0	0	0	0	0	0	0	0	0	0	0	0	0	0	0	0	0	0	0	
318	632	0	0	0	12	0	0	0	0	0	0	11	0	0	0	0	0	14	0	15	0	0	0	0	0	0	0	0	0	
319	708	0	0	0	0	0	0	0	0	0	0	0	0	0	0	16	0	12	0	0	0	0	0	0	0	0	10	0	18	
320	749	0	0	0	60	0	0	0	0	0	0	0	0	0	0	0	0	0	0	0	0	0	0	0	0	0	0	0	0	
321	779	0	0	0	60	0	0	0	0	0	0	0	0	0	0	0	0	0	0	0	0	0	0	0	0	0	0	0	0	
322	821	0	0	0	0	17	0	0	0	0	0	0	0	0	0	11	0	19	0	0	0	13	0	0	0	0	0	0	0	
323	894	0	0	0	12	0	0	0	0	0	17	10	0	0	0	0	0	0	0	14	0	0	0	0	0	0	0	0	0	
324	943	0	0	0	13	0	0	16	0	0	0	0	0	0	0	0	0	11	0	17	0	0	0	0	0	0	0	0	0	
325	956	0	0	15	0	0	0	0	0	10	0	0	0	0	0	0	0	0	0	15	0	20	0	0	0	0	0	0	0	
326	958	0	0	0	60	0	0	0	0	0	0	0	0	0	0	0	0	0	0	0	0	0	0	0	0	0	0	0	0	
327	9	0	0	0	0	0	0	0	0	0	0	0	0	0	0	0	0	0	0	0	0	0	0	0	0	60	0	0	0	
328	60	15	0	0	0	0	0	0	0	0	0	15	0	0	0	0	15	0	0	0	0	0	0	0	0	15	0	0	0	
329	72	0	0	30	0	0	0	0	0	0	0	0	0	15	0	0	0	0	0	0	0	0	0	0	0	15	0	0	0	
330	125	15	0	31	0	0	0	0	0	0	0	0	0	0	0	0	0	0	0	0	0	0	0	0	0	14	0	0	0	
331	164	0	0	29	0	0	0	0	0	0	0	0	0	0	0	0	0	0	0	0	0	0	0	15	0	15	0	0	0	
332	167	0	0	17	0	0	0	0	0	0	0	0	0	0	0	0	0	0	0	14	14	0	0	0	0	14	0	0	0	
333	172	0	11	0	0	0	0	21	0	0	0	0	0	0	0	0	0	0	0	0	0	0	13	0	0	15	0	0	0	
334	207	0	0	32	0	0	0	0	0	0	0	13	0	0	0	0	0	0	0	0	0	0	0	0	0	14	0	0	0	
335	209	0	0	0	0	0	0	0	0	0	0	0	0	0	0	0	0	0	0	0	0	0	0	0	0	60	0	0	0	
336	212	0	0	29	0	0	0	0	0	0	0	0	0	0	0	0	0	0	0	0	0	0	0	15	0	14	0	0	0	
337	218	0	0	0	0	0	0	0	0	0	0	0	0	0	0	0	0	0	0	0	0	0	0	0	0	60	0	0	0	
338	247	0	0	0	0	0	0	0	0	0	0	0	0	0	0	0	0	0	0	0	0	0	0	0	0	60	0	0	0	
339	261	0	0	0	0	0	0	0	0	0	0	0	0	0	0	0	0	0	0	0	0	0	0	0	0	60	0	0	0	
340	267	0	0	0	0	0	0	0	0	0	0	0	0	0	0	0	0	0	0	0	0	0	0	0	0	60	0	0	0	
341	298	0	0	13	0	0	0	0	0	0	15	0	0	0	0	0	0	0	0	15	0	0	0	0	0	16	0	0	0	
342	327	0	0	13	0	0	0	0	0	0	15	0	0	0	0	0	0	0	0	0	0	0	0	15	0	14	0	0	0	
343	355	0	0	0	0	0	0	0	0	0	0	0	0	0	0	0	0	0	0	0	0	0	0	0	0	60	0	0	0	
344	374	0	12	14	0	0	0	0	0	0	0	0	0	0	0	0	0	0	0	0	0	0	0	16	0	15	0	0	0	
345	398	0	0	13	0	0	0	0	0	0	0	15	0	0	0	0	0	0	0	0	0	0	0	16	0	16	0	0	0	
346	412	15	0	14	0	0	0	0	0	0	0	0	0	0	0	0	0	0	0	0	0	0	0	15	0	15	0	0	0	
347	419	0	0	0	0	0	0	0	0	18	0	0	0	0	0	0	0	0	0	0	14	11	0	0	0	15	0	0	0	
348	435	0	0	29	0	0	0	0	0	0	0	0	0	0	0	0	0	0	0	0	15	0	0	0	0	16	0	0	0	
349	438	0	0	15	0	0	0	0	0	0	15	0	0	0	0	0	0	0	0	0	0	0	0	15	0	14	0	0	0	
350	459	0	0	31	0	0	0	0	0	0	0	0	0	0	0	0	0	0	0	0	0	0	0	15	0	14	0	0	0	
351	465	0	15	13	0	0	0	0	0	0	0	0	0	0	0	0	16	0	0	0	0	0	0	0	0	16	0	0	0	
352	475	0	0	0	0	0	0	0	0	0	0	0	0	0	0	0	0	0	0	0	0	0	0	0	0	60	0	0	0	
353	539	0	0	0	0	0	0	0	0	15	0	0	0	0	0	0	0	0	17	0	0	10	0	0	0	15	0	0	0	
354	560	0	0	0	0	0	0	0	0	0	0	0	0	0	0	0	0	0	0	0	0	0	0	0	0	60	0	0	0	
355	570	0	0	0	0	0	0	0	0	0	0	0	0	0	0	0	0	0	0	0	0	0	0	0	0	60	0	0	0	
356	623	0	0	31	15	0	0	0	0	0	0	0	0	0	0	0	0	0	0	0	0	0	0	0	0	14	0	0	0	
357	647	0	0	11	0	0	0	0	0	0	0	0	0	0	0	0	0	15	0	0	0	15	0	0	0	19	0	0	0	
358	669	0	0	0	0	0	0	0	0	0	0	0	0	0	0	0	0	0	0	0	0	0	0	0	0	60	0	0	0	
359	672	0	15	28	0	0	0	0	0	0	0	0	0	0	0	0	0	0	0	0	0	0	0	0	0	17	0	0	0	
360	690	0	0	0	0	0	0	0	0	0	0	0	0	0	0	0	0	0	0	0	0	0	0	0	0	60	0	0	0	
361	710	0	0	30	0	14	0	0	0	0	0	0	0	0	0	0	0	0	0	0	0	0	0	0	0	15	0	0	0	
362	720	0	0	0	0	0	0	0	0	0	0	0	0	0	0	0	0	0	0	0	0	0	0	0	0	60	0	0	0	
363	722	0	0	0	0	0	0	0	0	0	0	0	0	0	0	0	0	0	0	0	0	0	0	0	0	60	0	0	0	
364	735	0	0	13	0	0	0	0	0	0	0	0	0	0	0	15	0	0	0	0	16	0	0	0	0	16	0	0	0	
365	750	0	0	0	0	0	0	0	15	0	15	0	0	0	0	0	0	0	0	0	0	0	0	0	0	15	0	0	15	
366	753	0	0	0	0	0	0	0	0	0	0	0	0	0	0	0	0	0	0	0	0	0	0	0	0	60	0	0	0	
367	757	0	0	12	0	0	0	0	0	0	0	14	16	0	0	0	0	0	0	0	0	0	0	0	0	18	0	0	0	
368	765	15	0	12	15	0	0	0	0	0	0	0	0	0	0	0	0	0	0	0	0	0	0	0	0	18	0	0	0	
369	811	0	0	30	0	0	0	15	0	0	0	0	0	0	0	0	0	0	0	0	0	0	0	0	0	15	0	0	0	
370	812	0	0	0	0	0	0	0	0	0	0	0	0	0	0	0	0	0	0	0	0	0	0	0	0	60	0	0	0	
371	819	0	0	31	0	0	0	0	0	0	0	0	0	0	0	0	0	0	15	0	0	0	0	0	0	14	0	0	0	
372	826	0	0	0	0	0	0	0	0	0	0	0	0	0	0	0	0	0	0	0	0	0	0	0	0	60	0	0	0	
373	882	15	0	11	0	0	0	0	0	0	0	0	0	0	0	0	0	0	0	0	0	0	0	15	0	18	0	0	0	
374	886	0	0	15	0	11	0	0	0	0	0	0	0	0	0	15	0	0	0	0	0	0	0	0	0	17	0	0	0	
375	904	0	0	13	0	0	0	0	0	0	0	0	0	0	0	0	0	0	0	15	0	0	0	17	0	14	0	0	0	
376	939	0	0	0	0	15	0	0	0	0	0	0	0	0	0	0	0	0	0	0	0	0	0	0	17	15	0	13	0	
377	988	0	0	0	0	0	0	0	0	0	0	0	0	0	0	0	0	0	0	0	0	0	0	0	0	60	0	0	0	
378	999	0	0	10	0	0	14	0	0	0	0	0	0	0	0	0	0	0	0	0	0	0	0	16	0	20	0	0	0	
379	1000	0	0	31	0	0	0	0	0	0	0	0	1	0	0	0	15	0	0	0	0	0	0	0	0	14	0	0	0	
380	10	0	0	33	0	0	0	0	0	12	0	0	0	0	0	0	0	0	0	0	0	0	0	0	0	15	0	0	0	
381	36	0	0	60	0	0	0	0	0	0	0	0	0	0	0	0	0	0	0	0	0	0	0	0	0	0	0	0	0	
382	53	0	0	60	0	0	0	0	0	0	0	0	0	0	0	0	0	0	0	0	0	0	0	0	0	0	0	0	0	
383	61	0	0	15	16	0	0	0	0	0	0	0	0	0	0	0	0	0	0	14	0	0	0	0	0	0	0	0	15	
384	82	0	0	31	0	0	0	0	0	0	0	0	0	0	0	0	0	0	0	0	0	0	0	0	0	14	15	0	0	
385	95	0	0	60	0	0	0	0	0	0	0	0	0	0	0	0	0	0	0	0	0	0	0	0	0	0	0	0	0	
386	107	0	0	60	0	0	0	0	0	0	0	0	0	0	0	0	0	0	0	0	0	0	0	0	0	0	0	0	0	
387	112	0	0	0	0	0	0	0	0	60	0	0	0	0	0	0	0	0	0	0	0	0	0	0	0	0	0	0	0	
388	139	0	0	60	0	0	0	0	0	0	0	0	0	0	0	0	0	0	0	0	0	0	0	0	0	0	0	0	0	
389	170	0	0	0	0	0	0	18	0	16	0	0	0	0	0	0	0	0	0	0	0	0	12	0	0	0	0	14	0	
390	254	0	0	0	0	0	0	0	0	60	0	0	0	0	0	0	0	0	0	0	0	0	0	0	0	0	0	0	0	
391	302	0	0	60	0	0	0	0	0	0	0	0	0	0	0	0	0	0	0	0	0	0	0	0	0	0	0	0	0	
392	359	0	0	60	0	0	0	0	0	0	0	0	0	0	0	0	0	0	0	0	0	0	0	0	0	0	0	0	0	
393	390	0	0	60	0	0	0	0	0	0	0	0	0	0	0	0	0	0	0	0	0	0	0	0	0	0	0	0	0	
394	433	0	0	18	13	0	0	0	0	17	0	0	0	0	0	0	0	0	0	0	0	12	0	0	0	0	0	0	0	
395	434	0	0	60	0	0	0	0	0	0	0	0	0	0	0	0	0	0	0	0	0	0	0	0	0	0	0	0	0	
396	467	0	0	60	0	0	0	0	0	0	0	0	0	0	0	0	0	0	0	0	0	0	0	0	0	0	0	0	0	
397	470	0	0	60	0	0	0	0	0	0	0	0	0	0	0	0	0	0	0	0	0	0	0	0	0	0	0	0	0	
398	491	0	0	0	0	0	0	0	0	60	0	0	0	0	0	0	0	0	0	0	0	0	0	0	0	0	0	0	0	
399	507	0	0	16	0	0	0	0	0	16	15	0	0	0	0	0	0	0	0	0	0	13	0	0	0	0	0	0	0	
400	515	0	0	60	0	0	0	0	0	0	0	0	0	0	0	0	0	0	0	0	0	0	0	0	0	0	0	0	0	
401	542	0	0	60	0	0	0	0	0	0	0	0	0	0	0	0	0	0	0	0	0	0	0	0	0	0	0	0	0	
402	547	0	0	60	0	0	0	0	0	0	0	0	0	0	0	0	0	0	0	0	0	0	0	0	0	0	0	0	0	
403	554	0	0	0	0	0	0	0	0	60	0	0	0	0	0	0	0	0	0	0	0	0	0	0	0	0	0	0	0	
404	564	0	0	0	0	0	0	0	0	60	0	0	0	0	0	0	0	0	0	0	0	0	0	0	0	0	0	0	0	
405	591	0	0	60	0	0	0	0	0	0	0	0	0	0	0	0	0	0	0	0	0	0	0	0	0	0	0	0	0	
406	615	0	0	0	0	0	0	0	0	60	0	0	0	0	0	0	0	0	0	0	0	0	0	0	0	0	0	0	0	
407	631	0	0	0	0	0	0	0	0	60	0	0	0	0	0	0	0	0	0	0	0	0	0	0	0	0	0	0	0	
408	638	0	0	60	0	0	0	0	0	0	0	0	0	0	0	0	0	0	0	0	0	0	0	0	0	0	0	0	0	
409	646	0	0	60	0	0	0	0	0	0	0	0	0	0	0	0	0	0	0	0	0	0	0	0	0	0	0	0	0	
410	701	0	0	60	0	0	0	0	0	0	0	0	0	0	0	0	0	0	0	0	0	0	0	0	0	0	0	0	0	
411	739	0	0	0	0	0	0	0	0	60	0	0	0	0	0	0	0	0	0	0	0	0	0	0	0	0	0	0	0	
412	746	0	0	16	0	0	0	0	0	12	0	0	0	0	0	0	16	0	16	0	0	0	0	0	0	0	0	0	0	
413	793	0	0	60	0	0	0	0	0	0	0	0	0	0	0	0	0	0	0	0	0	0	0	0	0	0	0	0	0	
414	810	0	0	60	0	0	0	0	0	0	0	0	0	0	0	0	0	0	0	0	0	0	0	0	0	0	0	0	0	
415	837	0	0	60	0	0	0	0	0	0	0	0	0	0	0	0	0	0	0	0	0	0	0	0	0	0	0	0	0	
416	853	0	0	0	0	0	0	0	0	17	0	0	0	0	0	0	0	0	16	0	12	8	0	0	0	0	0	0	0	
417	855	0	0	0	0	0	0	0	0	60	0	0	0	0	0	0	0	0	0	0	0	0	0	0	0	0	0	0	0	
418	861	0	0	0	0	0	0	0	0	60	0	0	0	0	0	0	0	0	0	0	0	0	0	0	0	0	0	0	0	
419	962	0	0	60	0	0	0	0	0	0	0	0	0	0	0	0	0	0	0	0	0	0	0	0	0	0	0	0	0	
420	11	0	0	0	0	0	0	0	0	0	0	0	0	0	0	0	0	0	0	0	0	60	0	0	0	0	0	0	0	
421	20	0	0	0	0	0	0	0	0	0	0	0	0	0	0	0	0	0	0	0	0	60	0	0	0	0	0	0	0	
422	28	0	0	0	0	0	0	0	0	0	0	0	0	0	0	0	0	0	0	0	0	60	0	0	0	0	0	0	0	
423	44	0	0	0	0	0	0	0	0	0	0	0	0	0	0	0	0	0	0	0	0	60	0	0	0	0	0	0	0	
424	62	0	0	0	0	0	0	0	0	15	0	0	0	0	0	0	0	0	0	0	0	13	12	0	17	0	0	0	0	
425	74	0	0	0	0	0	0	0	0	19	0	0	0	0	0	0	0	0	0	0	16	9	13	0	0	0	0	0	0	
426	96	0	0	0	0	0	0	0	0	0	0	0	0	0	0	0	0	0	0	0	0	60	0	0	0	0	0	0	0	
427	192	0	0	0	0	0	0	0	0	14	0	0	0	0	0	0	0	0	17	0	14	11	0	0	0	0	0	0	0	
428	194	0	0	0	0	0	0	0	0	0	0	0	0	0	0	0	15	0	0	0	14	16	0	15	0	0	0	0	0	
429	211	0	0	0	0	0	0	0	0	16	0	0	0	0	0	0	0	0	16	0	13	11	0	0	0	0	0	0	0	
430	230	0	0	0	0	0	0	0	0	14	0	0	0	0	0	15	0	0	0	0	16	10	0	0	0	0	0	0	0	
431	231	0	0	0	0	0	0	0	0	16	0	0	0	0	0	0	0	0	17	0	12	7	0	0	0	0	0	0	0	
432	255	0	0	0	0	0	0	0	0	0	17	14	0	0	0	0	16	0	0	0	0	13	0	0	0	0	0	0	0	
433	256	0	0	0	15	0	0	0	0	16	0	0	0	0	0	0	0	0	0	0	16	11	0	0	0	0	0	0	0	
434	258	0	0	0	0	0	0	0	0	0	0	15	0	0	0	0	0	0	14	0	15	11	0	0	0	0	0	0	0	
435	260	0	0	0	0	0	0	0	0	18	0	0	0	0	0	0	0	0	0	14	0	12	15	0	0	0	0	0	0	
436	274	0	0	0	0	0	0	0	0	14	0	0	0	0	0	0	17	0	0	0	0	11	14	0	0	0	0	0	0	
437	286	16	0	0	0	0	0	0	12	0	0	0	0	0	0	0	0	0	0	0	16	15	0	0	0	0	0	0	0	
438	291	0	0	0	0	0	0	0	0	0	0	0	0	0	0	0	0	0	0	0	0	60	0	0	0	0	0	0	0	
439	293	17	0	0	0	0	10	0	0	0	0	0	0	0	0	0	20	0	0	0	0	12	0	0	0	0	0	0	0	
440	310	0	0	0	0	0	0	0	0	0	0	0	0	0	0	14	0	0	18	0	13	9	0	0	0	0	0	0	0	
441	351	0	0	0	0	0	0	0	0	0	0	0	0	17	0	0	0	0	0	0	17	10	0	0	0	0	0	0	16	
442	353	0	0	0	0	0	0	0	0	15	0	0	0	0	0	0	0	0	14	0	14	13	0	0	0	0	0	0	0	
443	360	0	0	0	0	0	0	0	0	12	0	0	0	0	0	0	0	0	15	0	14	13	0	0	0	0	0	0	0	
444	383	19	0	0	0	0	0	0	0	15	0	0	0	0	0	0	0	0	0	0	0	12	12	0	0	0	0	0	0	
445	384	0	0	0	0	0	0	0	0	0	0	0	0	0	0	0	0	0	0	0	0	60	0	0	0	0	0	0	0	
446	393	0	0	0	0	0	0	0	0	17	0	0	0	0	0	0	0	0	15	0	12	11	0	0	0	0	0	0	0	
447	429	0	0	0	0	0	15	0	0	0	0	0	0	0	0	0	0	0	0	0	0	15	11	0	18	0	0	0	0	
448	468	0	0	0	18	0	0	0	0	18	0	0	0	0	0	0	0	0	0	0	0	13	11	0	0	0	0	0	0	
449	511	15	0	0	0	0	0	0	0	17	0	0	0	0	0	0	0	0	14	0	0	13	0	0	0	0	0	0	0	
450	519	0	0	0	0	0	0	0	0	16	0	0	0	0	0	0	0	15	0	0	15	11	0	0	0	0	0	0	0	
451	521	0	0	0	0	0	0	0	0	14	0	0	0	0	0	0	0	15	0	0	15	11	0	0	0	0	0	0	0	
452	526	0	0	0	0	0	0	0	0	15	0	0	0	0	0	0	0	0	0	14	12	13	0	0	0	0	0	0	0	
453	544	0	0	0	0	0	0	0	0	0	0	0	0	0	0	0	0	0	0	0	0	60	0	0	0	0	0	0	0	
454	548	0	0	0	0	0	0	0	0	15	0	0	0	0	0	0	0	0	14	0	14	13	0	0	0	0	0	0	0	
455	595	0	0	0	0	0	0	9	0	14	0	0	0	0	0	0	0	0	0	0	0	16	0	0	0	0	0	19	0	
456	602	0	0	0	0	0	0	0	0	17	0	0	0	0	0	0	0	0	15	0	12	10	0	0	0	0	0	0	0	
457	732	0	14	0	0	16	0	0	0	0	0	0	0	0	1	13	0	0	0	0	0	16	0	0	0	0	0	0	0	
458	771	0	0	0	0	0	0	0	0	0	0	0	0	0	0	0	0	0	0	0	0	60	0	0	0	0	0	0	0	
459	803	0	0	0	0	0	0	0	0	0	0	14	0	0	0	0	0	0	0	0	19	10	0	0	17	0	0	0	0	
460	818	0	0	0	0	0	0	0	0	0	16	0	0	0	0	0	0	0	18	0	12	12	0	0	0	0	0	0	0	
461	827	0	0	0	0	0	0	0	0	15	0	0	0	0	0	0	0	0	15	0	0	12	0	0	0	0	0	14	0	
462	833	0	0	0	0	0	0	0	0	9	0	0	0	0	0	0	0	0	18	0	0	17	0	0	0	0	0	14	0	
463	838	0	0	0	0	0	0	0	0	0	0	0	0	0	0	0	0	0	0	0	0	60	0	0	0	0	0	0	0	
464	874	0	0	0	0	0	0	0	0	17	0	0	0	0	0	0	0	0	0	0	12	12	0	0	15	0	0	0	0	
465	896	0	0	0	0	0	0	0	0	9	0	0	0	0	0	0	0	0	14	0	11	17	0	0	0	0	0	0	0	
466	899	0	0	0	0	0	0	0	0	0	0	0	0	0	0	0	0	0	0	0	0	60	0	0	0	0	0	0	0	
467	908	0	0	0	0	0	0	0	0	0	0	0	0	0	0	0	0	0	0	0	0	60	0	0	0	0	0	0	0	
468	960	0	0	0	0	0	0	0	0	0	0	0	0	0	0	0	0	0	0	0	0	60	0	0	0	0	0	0	0	
469	987	17	0	0	0	0	0	0	0	0	0	0	0	0	0	0	0	0	0	0	0	11	16	0	12	0	0	0	0	
470	996	0	0	0	0	0	0	0	0	20	0	0	0	0	0	0	0	0	16	0	0	6	13	0	0	0	0	0	0	
471	12	0	0	0	0	12	14	0	0	0	0	0	0	0	0	15	0	0	0	0	0	0	0	0	0	0	16	0	0	
472	21	0	0	0	0	0	0	0	0	0	0	0	0	0	0	0	0	0	0	0	0	0	0	0	0	0	60	0	0	
473	34	0	0	0	0	15	0	0	0	0	0	0	0	0	0	14	0	0	0	0	0	0	15	0	0	0	0	0	15	
474	39	0	0	0	0	60	0	0	0	0	0	0	0	0	0	0	0	0	0	0	0	0	0	0	0	0	0	0	0	
475	45	0	0	0	0	60	0	0	0	0	0	0	0	0	0	0	0	0	0	0	0	0	0	0	0	0	0	0	0	
476	46	0	0	0	0	0	0	0	0	0	0	0	0	0	0	60	0	0	0	0	0	0	0	0	0	0	0	0	0	
477	56	0	0	0	0	0	0	0	0	0	0	0	0	0	0	60	0	0	0	0	0	0	0	0	0	0	0	0	0	
478	113	0	0	0	0	0	0	0	0	0	0	0	0	0	0	0	0	0	0	0	0	0	0	0	0	0	60	0	0	
479	124	0	0	0	0	0	60	0	0	0	0	0	0	0	0	0	0	0	0	0	0	0	0	0	0	0	0	0	0	
480	168	0	0	0	0	0	60	0	0	0	0	0	0	0	0	0	0	0	0	0	0	0	0	0	0	0	0	0	0	
481	177	0	0	0	0	0	0	0	0	0	0	0	0	0	0	60	0	0	0	0	0	0	0	0	0	0	0	0	0	
482	189	0	0	0	0	0	0	0	0	0	0	0	0	0	0	60	0	0	0	0	0	0	0	0	0	0	0	0	0	
483	196	0	0	0	0	0	60	0	0	0	0	0	0	0	0	0	0	0	0	0	0	0	0	0	0	0	0	0	0	
484	223	0	0	0	0	0	0	0	0	0	0	0	0	0	0	0	0	0	0	0	0	0	0	0	0	0	60	0	0	
485	333	0	0	0	0	0	0	0	0	0	0	0	0	0	0	60	0	0	0	0	0	0	0	0	0	0	0	0	0	
486	346	0	0	0	0	0	0	0	0	0	0	0	0	0	0	0	0	0	0	0	0	0	0	0	0	0	60	0	0	
487	347	0	0	0	0	0	60	0	0	0	0	0	0	0	0	0	0	0	0	0	0	0	0	0	0	0	0	0	0	
488	357	0	0	0	0	60	0	0	0	0	0	0	0	0	0	0	0	0	0	0	0	0	0	0	0	0	0	0	0	
489	376	0	0	0	0	0	0	11	0	0	0	0	0	0	0	16	0	0	0	0	0	0	0	15	0	0	0	16	0	
490	378	0	0	0	0	0	0	0	0	0	0	0	0	0	0	60	0	0	0	0	0	0	0	0	0	0	0	0	0	
491	426	17	0	0	0	18	13	0	0	0	0	0	0	0	0	0	0	12	0	0	0	0	0	0	0	0	0	0	0	
492	440	0	0	0	0	14	0	0	0	0	0	0	0	0	0	12	0	0	0	0	0	0	0	0	0	0	12	0	14	
493	460	0	0	0	0	60	0	0	0	0	0	0	0	0	0	0	0	0	0	0	0	0	0	0	0	0	0	0	0	
494	471	0	0	0	0	0	0	0	0	0	0	0	0	0	0	0	0	0	0	0	0	0	0	0	0	0	60	0	0	
495	494	0	0	0	0	60	0	0	0	0	0	0	0	0	0	0	0	0	0	0	0	0	0	0	0	0	0	0	0	
496	537	0	0	0	0	0	0	0	0	0	0	0	0	0	0	0	0	0	0	0	0	0	0	0	0	0	60	0	0	
497	579	0	0	0	0	60	0	0	0	0	0	0	0	0	0	0	0	0	0	0	0	0	0	0	0	0	0	0	0	
498	580	0	0	0	0	0	0	0	0	0	0	0	0	0	0	60	0	0	0	0	0	0	0	0	0	0	0	0	0	
499	587	0	0	0	17	0	0	0	0	0	0	0	0	0	0	16	0	0	0	0	0	0	11	0	0	0	16	0	0	
500	588	0	0	0	0	60	0	0	0	0	0	0	0	0	0	0	0	0	0	0	0	0	0	0	0	0	0	0	0	
501	610	0	0	0	0	0	60	0	0	0	0	0	0	0	0	0	0	0	0	0	0	0	0	0	0	0	0	0	0	
502	621	0	0	0	0	0	0	0	0	0	0	0	0	0	0	60	0	0	0	0	0	0	0	0	0	0	0	0	0	
503	642	0	0	0	0	0	0	0	0	0	0	0	0	0	0	0	0	0	0	0	0	0	0	0	0	0	60	0	0	
504	675	0	0	0	0	0	0	0	0	0	0	0	0	0	0	60	0	0	0	0	0	0	0	0	0	0	0	0	0	
505	696	0	0	0	0	0	60	0	0	0	0	0	0	0	0	0	0	0	0	0	0	0	0	0	0	0	0	0	0	
506	699	0	0	0	0	0	60	0	0	0	0	0	0	0	0	0	0	0	0	0	0	0	0	0	0	0	0	0	0	
507	705	0	0	0	0	0	60	0	0	0	0	0	0	0	0	0	0	0	0	0	0	0	0	0	0	0	0	0	0	
508	717	0	0	16	0	0	13	0	0	0	0	0	0	0	0	0	17	0	0	0	14	0	0	0	0	0	0	0	0	
509	723	0	0	0	0	60	0	0	0	0	0	0	0	0	0	0	0	0	0	0	0	0	0	0	0	0	0	0	0	
510	787	0	0	0	0	60	0	0	0	0	0	0	0	0	0	0	0	0	0	0	0	0	0	0	0	0	0	0	0	
511	791	0	0	0	0	60	0	0	0	0	0	0	0	0	0	0	0	0	0	0	0	0	0	0	0	0	0	0	0	
512	798	17	0	0	0	14	0	0	0	0	0	0	0	0	0	10	0	0	0	0	0	0	0	0	0	0	13	0	0	
513	834	0	0	0	0	0	60	0	0	0	0	0	0	0	0	0	0	0	0	0	0	0	0	0	0	0	0	0	0	
514	847	0	0	0	0	0	60	0	0	0	0	0	0	0	0	0	0	0	0	0	0	0	0	0	0	0	0	0	0	
515	849	0	0	0	0	0	0	0	0	0	0	0	0	0	0	0	0	0	0	0	0	0	0	0	0	0	60	0	0	
516	862	0	0	0	0	14	0	0	0	15	0	0	0	0	0	13	0	0	0	0	0	0	0	0	0	0	0	0	16	
517	870	0	0	0	0	60	0	0	0	0	0	0	0	0	0	0	0	0	0	0	0	0	0	0	0	0	0	0	0	
518	922	0	0	0	0	0	0	0	0	0	0	0	0	0	0	0	0	0	0	0	0	0	0	0	0	0	60	0	0	
519	936	0	0	0	0	0	0	0	0	0	0	0	0	0	0	0	0	0	0	0	0	0	0	0	0	0	60	0	0	
520	948	0	0	0	0	0	0	0	0	0	0	0	0	0	0	60	0	0	0	0	0	0	0	0	0	0	0	0	0	
521	949	0	0	0	0	0	0	0	0	0	0	0	0	0	0	0	0	0	0	0	0	0	0	0	0	0	60	0	0	
522	959	0	0	0	0	0	0	0	0	0	0	0	0	0	0	60	0	0	0	0	0	0	0	0	0	0	0	0	0	
523	970	0	0	0	0	0	0	0	0	0	0	0	0	0	0	0	0	0	0	0	0	0	0	0	0	0	60	0	0	
524	974	0	0	0	0	0	0	0	0	0	0	0	0	0	0	0	0	0	0	0	0	0	0	0	0	0	60	0	0	
525	989	0	0	0	0	0	0	0	0	0	0	0	0	0	0	0	0	0	0	0	0	0	0	0	0	0	60	0	0	
526	47	0	0	0	0	0	0	0	0	0	0	14	0	0	0	16	0	0	17	0	0	0	13	0	0	0	0	0	0	
527	98	0	0	0	12	0	0	0	0	0	0	15	18	0	0	0	0	12	0	0	0	0	0	0	0	0	0	0	0	
528	100	0	0	30	0	0	0	0	0	0	0	15	0	0	0	0	0	0	0	0	0	0	0	15	0	0	0	0	0	
529	111	0	0	31	0	0	0	0	0	0	0	14	0	0	0	0	0	0	0	0	0	0	0	15	0	0	0	0	0	
530	143	0	0	30	0	15	0	0	0	0	0	15	0	0	0	0	0	0	0	0	0	0	0	0	0	0	0	0	0	
531	214	0	0	0	13	0	0	0	0	0	0	17	0	0	0	0	0	10	0	15	0	0	0	0	0	0	0	0	0	
532	257	0	0	0	17	0	0	0	0	0	0	15	0	0	0	0	0	11	0	13	0	0	0	0	0	0	0	0	0	
533	314	0	0	0	0	0	12	0	18	0	0	18	0	0	0	0	0	0	0	10	0	0	0	0	0	0	0	0	0	
534	326	0	0	0	0	0	0	0	0	0	0	14	0	0	0	0	0	12	0	17	0	0	0	0	0	0	0	0	15	
535	348	0	0	15	0	0	0	0	0	0	0	15	0	0	0	0	0	14	0	13	0	0	0	0	0	0	0	0	0	
536	356	0	0	0	13	0	0	0	0	0	0	15	0	0	0	0	0	0	0	15	0	15	0	0	0	0	0	0	0	
537	375	15	0	0	15	0	0	0	0	0	0	14	0	0	0	0	16	0	0	0	0	0	0	0	0	0	0	0	0	
538	380	0	0	0	12	0	0	0	0	0	0	14	0	0	0	0	0	16	0	11	0	0	0	0	0	0	0	0	0	
539	385	0	0	16	15	0	0	0	0	0	0	13	0	0	0	0	0	0	0	0	16	0	0	0	0	0	0	0	0	
540	392	0	0	0	17	0	0	0	0	0	0	14	0	0	0	0	0	12	0	13	0	0	0	0	0	0	0	0	0	
541	430	0	0	15	0	15	0	0	0	0	0	18	0	0	0	0	0	0	0	12	0	0	0	0	0	0	0	0	0	
542	514	0	0	0	15	0	0	0	0	0	15	14	0	0	0	0	0	11	0	0	0	0	0	0	0	0	0	0	0	
543	523	0	0	15	0	0	0	0	0	0	15	17	0	0	0	0	0	13	0	0	0	0	0	0	0	0	0	0	0	
544	639	0	0	16	17	0	0	0	0	0	0	14	0	0	0	0	0	10	0	0	0	0	0	0	0	0	0	0	0	
545	674	0	0	0	0	0	0	0	0	0	18	11	0	0	0	0	0	0	15	0	16	0	0	0	0	0	0	0	0	
546	727	0	0	0	0	0	0	0	13	0	18	13	0	0	0	0	0	0	0	0	0	0	0	0	0	1	15	0	0	
547	776	0	0	0	0	0	0	16	0	16	0	14	0	0	0	0	0	0	0	14	0	0	0	0	0	0	0	0	0	
548	830	0	0	0	14	0	0	0	12	0	0	16	0	0	0	0	0	0	0	13	0	0	0	0	0	0	0	0	0	
549	836	0	0	0	0	0	0	0	0	0	0	15	0	0	0	0	0	8	0	17	0	0	0	0	0	0	14	0	0	
550	863	0	0	0	0	10	0	0	0	0	0	16	0	0	0	0	0	14	0	0	0	0	0	0	0	0	0	0	19	
551	993	0	0	0	0	0	0	0	0	14	0	15	0	0	0	0	0	0	0	0	12	12	0	0	0	0	0	0	0	
552	14	0	0	0	0	60	0	0	0	0	0	0	0	0	0	0	0	0	0	0	0	0	0	0	0	0	0	0	0	
553	29	18	0	0	0	13	0	0	0	15	0	0	0	0	0	0	0	0	0	0	0	0	0	0	14	0	0	0	0	
554	33	0	0	0	0	13	0	0	0	0	0	0	0	0	0	12	0	0	0	0	0	0	0	0	0	0	16	0	15	
555	70	0	16	0	0	14	12	0	0	0	0	0	0	0	0	0	18	0	0	0	0	0	0	0	0	0	0	0	0	
556	89	0	0	31	0	15	0	0	0	0	0	0	0	0	0	0	0	14	0	0	0	0	0	0	0	0	0	0	0	
557	114	0	0	0	0	16	0	0	0	0	0	0	0	0	0	12	0	0	0	0	0	13	0	0	0	0	0	0	15	
558	184	0	0	0	0	16	0	0	0	0	0	0	0	0	0	10	0	0	0	0	0	0	0	0	0	0	0	12	17	
559	203	0	0	0	0	14	0	0	0	0	0	0	0	0	0	13	0	0	0	0	0	0	0	0	0	0	17	15	0	
560	219	0	0	0	0	60	0	0	0	0	0	0	0	0	0	0	0	0	0	0	0	0	0	0	0	0	0	0	0	
561	252	0	0	0	0	13	0	0	0	0	15	0	0	0	0	0	0	0	0	0	0	0	0	0	0	0	14	0	16	
562	299	0	0	0	0	11	0	0	0	0	0	0	0	0	0	10	0	0	0	0	0	0	0	0	0	0	14	0	15	
563	328	0	0	0	0	12	0	0	0	0	0	0	0	0	0	14	0	0	0	0	0	0	0	0	0	0	15	0	15	
564	341	0	0	0	0	15	0	0	0	0	0	0	0	0	0	13	15	0	0	0	0	0	0	0	0	0	15	0	0	
565	343	0	11	0	0	12	0	0	0	0	0	0	0	0	1	0	0	0	0	0	0	0	0	0	0	0	18	0	17	
566	365	0	0	0	0	12	0	0	0	0	15	0	0	0	0	0	0	0	0	0	0	0	0	0	15	0	18	0	0	
567	395	0	0	0	0	60	0	0	0	0	0	0	0	0	0	0	0	0	0	0	0	0	0	0	0	0	0	0	0	
568	406	0	0	0	0	15	0	0	0	0	0	0	0	0	0	11	0	0	0	0	0	0	0	0	0	0	16	0	14	
569	422	16	0	0	0	15	0	0	0	14	15	0	0	0	0	0	0	0	0	0	0	0	0	0	0	0	0	0	0	
570	458	15	0	0	0	13	0	0	0	0	0	0	0	0	0	15	0	0	0	0	0	0	0	0	0	0	0	0	15	
571	464	0	0	0	0	13	0	0	0	0	0	0	0	0	0	17	0	0	18	0	0	11	0	0	0	0	0	0	0	
572	472	0	0	0	0	15	0	0	0	0	15	0	0	0	0	10	0	0	0	0	0	0	0	0	0	0	17	0	0	
573	485	0	0	0	0	60	0	0	0	0	0	0	0	0	0	0	0	0	0	0	0	0	0	0	0	0	0	0	0	
574	488	0	0	0	0	14	0	0	0	0	0	0	0	0	0	11	0	0	0	0	0	0	0	0	0	0	0	18	15	
575	495	0	0	0	0	60	0	0	0	0	0	0	0	0	0	0	0	0	0	0	0	0	0	0	0	0	0	0	0	
576	499	16	0	0	0	12	0	0	0	0	0	0	0	0	0	0	0	0	0	0	0	0	0	0	0	0	15	0	16	
577	502	0	0	0	0	20	0	0	0	18	0	0	0	0	0	0	0	11	0	0	11	0	0	0	0	0	0	0	0	
578	512	0	0	0	0	60	0	0	0	0	0	0	0	0	0	0	0	0	0	0	0	0	0	0	0	0	0	0	0	
579	520	0	16	0	0	11	0	0	0	0	16	0	0	0	0	0	0	0	0	0	0	0	0	0	0	0	17	0	0	
580	573	0	0	0	0	11	0	0	0	0	0	0	16	0	0	0	0	0	0	0	0	0	0	0	0	0	15	0	17	
581	586	0	0	0	0	10	0	0	0	0	0	0	0	0	0	12	0	0	0	0	0	0	0	0	0	0	14	0	16	
582	590	0	0	0	0	14	0	15	0	0	0	0	0	0	0	12	0	0	0	0	0	0	0	0	0	0	16	0	0	
583	649	0	0	0	0	14	0	14	16	0	16	0	0	0	0	0	0	0	0	0	0	0	0	0	0	0	0	0	0	
584	684	0	0	15	0	15	0	0	0	0	0	0	0	0	0	0	0	0	0	0	0	0	0	0	0	0	13	0	13	
585	785	0	0	0	0	14	11	0	16	0	18	0	0	0	0	0	0	0	0	0	0	0	0	0	0	0	0	0	0	
586	786	0	0	0	0	14	0	0	0	0	0	0	0	0	0	8	0	0	0	0	0	0	0	0	0	0	14	0	14	
587	789	0	0	0	0	60	0	0	0	0	0	0	0	0	0	0	0	0	0	0	0	0	0	0	0	0	0	0	0	
588	840	18	0	0	0	15	0	0	0	0	0	0	0	0	0	0	0	0	0	0	14	0	12	0	0	0	0	0	0	
589	992	0	0	0	0	60	0	0	0	0	0	0	0	0	0	0	0	0	0	0	0	0	0	0	0	0	0	0	0	
590	995	0	0	0	0	15	0	0	0	15	0	0	0	0	0	15	0	0	15	0	0	0	0	0	0	0	0	0	0	
591	15	0	0	0	0	0	0	0	0	0	0	0	0	0	0	0	0	0	0	0	60	0	0	0	0	0	0	0	0	
592	23	0	0	0	0	0	0	0	0	19	0	0	18	0	0	0	0	0	0	0	14	0	9	0	0	0	0	0	0	
593	104	0	0	0	0	0	0	0	0	0	0	0	0	0	0	0	0	0	0	0	60	0	0	0	0	0	0	0	0	
594	118	0	0	0	0	0	0	0	0	0	0	0	0	0	0	0	0	0	0	0	60	0	0	0	0	0	0	0	0	
595	132	0	0	0	0	0	0	0	0	0	0	0	0	0	0	0	0	0	17	0	15	10	0	0	0	0	0	0	15	
596	148	0	0	0	0	0	0	0	0	0	0	0	0	0	0	0	0	0	0	0	60	0	0	0	0	0	0	0	0	
597	175	0	0	0	0	0	0	0	0	0	0	0	0	0	0	0	0	0	0	0	60	0	0	0	0	0	0	0	0	
598	216	0	0	0	0	0	0	12	0	0	0	0	0	17	0	0	0	0	0	0	15	0	0	0	0	0	0	0	16	
599	244	0	0	0	0	0	0	0	0	15	0	0	0	0	0	0	0	0	15	0	12	12	0	0	0	0	0	0	0	
600	245	0	0	0	0	15	0	0	0	0	0	0	0	0	0	0	0	0	0	16	16	0	13	0	0	0	0	0	0	
601	301	0	0	0	0	0	0	0	0	11	0	0	0	0	0	0	0	0	13	0	14	12	0	0	0	0	0	0	0	
602	311	0	0	0	0	0	0	0	0	0	0	0	0	0	0	0	0	0	0	0	60	0	0	0	0	0	0	0	0	
603	420	0	0	0	0	0	0	0	0	14	0	0	0	0	0	0	0	13	15	0	14	0	0	0	0	0	0	0	0	
604	461	0	0	16	0	0	14	0	0	16	0	0	0	0	0	0	0	0	0	0	14	0	0	0	0	0	0	0	0	
605	500	0	0	0	0	0	0	0	0	0	0	0	0	0	0	0	0	0	0	0	60	0	0	0	0	0	0	0	0	
606	543	0	0	0	0	0	0	0	0	0	15	0	0	0	0	0	0	0	16	0	14	0	14	0	0	0	0	0	0	
607	545	0	0	0	0	0	0	0	0	0	0	0	0	0	0	0	0	0	0	0	60	0	0	0	0	0	0	0	0	
608	645	0	0	0	0	0	0	0	0	0	0	0	0	0	0	0	0	0	0	0	60	0	0	0	0	0	0	0	0	
609	655	0	0	0	0	0	0	0	0	0	0	0	18	0	0	0	0	0	18	0	12	0	0	0	12	0	0	0	0	
610	685	0	0	0	0	0	0	0	0	0	0	0	0	0	0	0	0	0	0	0	60	0	0	0	0	0	0	0	0	
611	719	16	0	0	0	0	0	0	0	0	0	0	0	0	0	0	0	0	13	0	17	0	12	0	0	0	0	0	0	
612	721	0	0	0	0	0	0	0	0	12	0	0	0	0	0	0	0	0	13	0	15	9	0	0	0	0	0	0	0	
613	733	0	0	14	0	0	0	0	0	0	0	0	0	0	0	0	0	0	0	0	19	0	12	0	0	0	0	0	15	
614	761	0	0	0	0	0	0	0	0	0	0	0	0	0	0	0	0	0	0	0	60	0	0	0	0	0	0	0	0	
615	843	0	0	0	0	0	0	0	0	0	0	0	0	0	0	0	0	0	0	0	60	0	0	0	0	0	0	0	0	
616	854	0	0	32	0	0	0	0	0	0	0	0	0	0	0	0	0	0	0	0	15	0	0	0	0	0	0	13	0	
617	857	0	0	0	0	0	0	0	0	0	0	0	0	0	0	0	0	0	0	0	60	0	0	0	0	0	0	0	0	
618	889	0	0	0	0	0	0	0	0	0	0	0	0	0	0	0	0	0	0	0	60	0	0	0	0	0	0	0	0	
619	897	0	0	0	0	0	0	0	0	0	0	0	0	0	0	0	0	0	0	0	60	0	0	0	0	0	0	0	0	
620	915	0	0	0	0	0	0	0	0	16	0	0	0	0	0	0	0	12	0	0	13	13	0	0	0	0	0	0	0	
621	972	0	0	0	0	0	0	0	0	0	0	0	0	0	0	0	0	0	18	18	15	7	0	0	0	0	0	0	0	
622	16	0	0	16	0	0	0	0	16	0	15	0	0	0	0	0	13	0	0	0	0	0	0	0	0	0	0	0	0	
623	19	0	0	0	0	0	0	0	0	0	60	0	0	0	0	0	0	0	0	0	0	0	0	0	0	0	0	0	0	
624	41	0	0	0	0	0	0	0	0	0	0	0	0	0	0	0	60	0	0	0	0	0	0	0	0	0	0	0	0	
625	87	0	0	0	0	0	0	0	0	0	0	0	0	0	0	0	60	0	0	0	0	0	0	0	0	0	0	0	0	
626	129	0	0	0	0	0	0	0	0	0	0	0	0	0	0	0	60	0	0	0	0	0	0	0	0	0	0	0	0	
627	185	0	0	0	0	0	0	0	0	0	60	0	0	0	0	0	0	0	0	0	0	0	0	0	0	0	0	0	0	
628	204	0	12	18	0	17	0	0	0	0	0	0	0	0	0	0	0	13	0	0	0	0	0	0	0	0	0	0	0	
629	282	0	0	0	0	0	0	0	0	0	0	0	0	0	0	0	60	0	0	0	0	0	0	0	0	0	0	0	0	
630	370	0	0	60	0	0	0	0	0	0	0	0	0	0	0	0	0	0	0	0	0	0	0	0	0	0	0	0	0	
631	401	0	0	60	0	0	0	0	0	0	0	0	0	0	0	0	0	0	0	0	0	0	0	0	0	0	0	0	0	
632	503	0	0	60	0	0	0	0	0	0	0	0	0	0	0	0	0	0	0	0	0	0	0	0	0	0	0	0	0	
633	517	0	0	0	0	0	0	0	0	0	60	0	0	0	0	0	0	0	0	0	0	0	0	0	0	0	0	0	0	
634	607	0	0	0	0	0	0	0	14	0	0	0	0	0	0	0	0	0	16	0	0	15	0	15	0	0	0	0	0	
635	628	0	0	0	0	0	11	0	0	0	0	0	0	0	0	0	16	0	0	17	0	0	15	0	0	0	0	0	0	
636	671	0	0	0	0	0	10	15	19	0	0	0	0	0	0	0	15	0	0	0	0	0	0	0	0	0	0	0	0	
637	688	0	0	0	0	0	0	0	0	0	0	0	0	0	0	0	60	0	0	0	0	0	0	0	0	0	0	0	0	
638	728	0	0	0	0	0	0	0	0	0	0	0	0	0	0	0	60	0	0	0	0	0	0	0	0	0	0	0	0	
639	736	0	0	0	0	0	0	0	0	0	60	0	0	0	0	0	0	0	0	0	0	0	0	0	0	0	0	0	0	
640	743	0	0	0	0	0	0	0	0	0	0	0	0	0	0	0	60	0	0	0	0	0	0	0	0	0	0	0	0	
641	747	0	0	0	0	0	0	0	15	0	0	0	15	0	0	0	0	0	0	0	0	0	12	0	15	0	0	0	0	
642	807	0	0	16	0	13	0	0	0	0	0	0	0	0	0	0	14	0	0	0	0	0	0	0	0	0	17	0	0	
643	850	0	0	0	0	0	0	0	0	0	0	0	0	0	0	0	60	0	0	0	0	0	0	0	0	0	0	0	0	
644	860	0	0	0	0	0	0	0	0	0	60	0	0	0	0	0	0	0	0	0	0	0	0	0	0	0	0	0	0	
645	872	0	0	0	0	0	0	0	0	0	0	0	0	0	0	0	60	0	0	0	0	0	0	0	0	0	0	0	0	
646	876	0	0	0	0	0	0	0	0	0	0	0	0	0	0	0	60	0	0	0	0	0	0	0	0	0	0	0	0	
647	878	0	0	0	0	0	0	0	0	0	60	0	0	0	0	0	0	0	0	0	0	0	0	0	0	0	0	0	0	
648	944	0	0	60	0	0	0	0	0	0	0	0	0	0	0	0	0	0	0	0	0	0	0	0	0	0	0	0	0	
649	983	0	0	0	0	0	0	0	0	0	60	0	0	0	0	0	0	0	0	0	0	0	0	0	0	0	0	0	0	
650	994	0	0	0	0	0	0	0	0	0	0	0	0	0	0	0	60	0	0	0	0	0	0	0	0	0	0	0	0	
651	66	0	59	0	0	0	0	0	0	0	0	0	0	0	1	0	0	0	0	0	0	0	0	0	0	0	0	0	0	
652	77	0	8	0	0	0	0	13	0	0	0	0	0	0	0	0	0	13	0	0	0	0	0	0	0	0	0	20	0	
653	79	0	60	0	0	0	0	0	0	0	0	0	0	0	0	0	0	0	0	0	0	0	0	0	0	0	0	0	0	
654	624	14	0	0	0	0	0	16	0	16	0	0	0	0	0	0	14	0	0	0	0	0	0	0	0	0	0	0	0	
655	775	0	7	0	0	0	0	0	0	0	0	0	0	16	0	0	0	0	0	0	0	0	14	0	0	0	0	12	0	
656	808	0	0	29	0	0	0	0	0	0	0	0	0	0	0	0	0	0	0	0	0	0	0	0	0	16	0	0	15	
657	877	0	60	0	0	0	0	0	0	0	0	0	0	0	0	0	0	0	0	0	0	0	0	0	0	0	0	0	0	
658	973	0	8	0	0	0	0	13	0	0	0	0	0	14	0	0	0	0	0	0	0	0	0	0	0	0	0	9	0	
659	18	0	0	0	0	0	0	0	0	0	0	0	0	0	0	0	60	0	0	0	0	0	0	0	0	0	0	0	0	
660	37	0	0	0	0	0	0	0	14	0	16	0	0	0	0	0	15	0	0	0	0	0	0	0	0	0	0	0	15	
661	105	0	0	0	0	0	0	0	0	0	0	0	0	0	0	0	60	0	0	0	0	0	0	0	0	0	0	0	0	
662	109	0	0	0	0	0	12	0	0	0	0	0	0	0	0	16	17	0	15	0	0	0	0	0	0	0	0	0	0	
663	128	15	0	0	0	0	11	0	0	0	15	0	0	0	0	0	19	0	0	0	0	0	0	0	0	0	0	0	0	
664	183	0	0	0	0	0	0	0	14	0	0	0	0	0	0	0	16	0	0	0	0	0	0	15	15	0	0	0	0	
665	202	0	0	0	10	0	14	0	0	0	0	0	0	0	0	0	18	0	0	0	0	0	16	0	0	0	0	0	0	
666	215	0	0	0	0	0	11	0	13	0	0	0	0	0	0	0	18	0	0	15	0	0	0	0	0	0	0	0	0	
667	264	0	0	0	0	0	0	0	0	0	0	0	0	0	0	12	14	0	0	0	0	0	0	0	0	0	14	0	18	
668	280	0	0	0	0	0	14	0	0	0	0	0	0	0	0	14	16	0	0	0	0	0	0	0	0	0	0	0	16	
669	315	0	0	0	13	0	14	0	13	0	0	0	0	0	0	0	17	0	0	0	0	0	0	0	0	0	0	0	0	
670	363	0	0	0	13	0	0	9	0	0	0	0	0	22	0	0	16	0	0	0	0	0	0	0	0	0	0	0	0	
671	411	0	0	15	0	0	14	0	0	0	0	0	0	0	0	0	16	0	0	0	0	0	15	0	0	0	0	0	0	
672	469	0	0	0	0	0	0	0	0	0	0	0	0	0	0	0	60	0	0	0	0	0	0	0	0	0	0	0	0	
673	524	0	0	0	0	0	10	0	15	15	0	0	0	0	0	0	17	0	0	0	0	0	0	0	0	0	0	0	0	
674	546	0	0	0	0	0	0	0	0	0	0	0	0	0	0	0	60	0	0	0	0	0	0	0	0	0	0	0	0	
675	558	0	0	0	0	0	0	0	0	0	16	0	0	0	0	0	15	0	0	15	0	0	0	0	0	0	0	14	0	
676	589	0	0	0	0	0	0	0	0	0	0	0	0	0	0	0	60	0	0	0	0	0	0	0	0	0	0	0	0	
677	594	0	0	0	0	0	13	0	0	0	0	0	0	0	0	0	17	0	0	0	0	0	0	0	14	0	0	16	0	
678	609	0	0	0	0	0	0	0	0	0	0	0	0	0	0	0	60	0	0	0	0	0	0	0	0	0	0	0	0	
679	614	0	0	0	0	0	13	0	16	0	0	0	0	15	0	0	14	0	0	0	0	0	0	0	0	0	0	0	0	
680	640	13	0	0	0	0	0	0	0	0	0	0	17	0	0	0	15	0	0	0	0	0	0	0	13	0	0	0	0	
681	654	0	0	15	0	0	0	0	14	0	0	0	0	0	0	14	17	0	0	0	0	0	0	0	0	0	0	0	0	
682	670	0	0	0	0	0	0	0	0	0	0	0	0	0	0	0	60	0	0	0	0	0	0	0	0	0	0	0	0	
683	693	0	0	0	0	0	0	0	16	0	15	0	0	0	0	0	15	0	0	0	0	0	14	0	0	0	0	0	0	
684	694	0	0	0	0	0	12	0	17	0	0	0	0	0	0	0	13	0	0	0	16	0	0	0	0	0	0	0	0	
685	729	0	0	0	0	0	0	0	0	0	0	0	0	0	0	0	60	0	0	0	0	0	0	0	0	0	0	0	0	
686	784	0	0	0	0	0	0	0	0	0	0	0	0	0	0	0	60	0	0	0	0	0	0	0	0	0	0	0	0	
687	828	0	0	17	0	0	8	0	0	0	17	0	0	0	0	0	17	0	0	0	0	0	0	0	0	0	0	0	0	
688	888	0	0	0	0	0	8	0	0	0	0	0	0	0	0	0	20	0	14	15	0	0	0	0	0	0	0	0	0	
689	43	0	0	0	0	0	0	0	15	0	15	0	0	0	0	0	0	0	0	0	0	0	0	15	0	0	0	0	15	
690	88	0	0	0	0	0	0	0	0	0	60	0	0	0	0	0	0	0	0	0	0	0	0	0	0	0	0	0	0	
691	123	0	0	0	0	0	0	0	0	19	15	0	0	0	0	0	0	0	16	0	0	9	0	0	0	0	0	0	0	
692	135	0	0	0	0	15	0	0	0	0	16	0	0	14	0	0	0	0	15	0	0	0	0	0	0	0	0	0	0	
693	190	0	0	0	0	0	0	0	0	0	18	11	0	0	0	11	0	19	0	0	0	0	0	0	0	0	0	0	0	
694	191	0	0	17	0	0	0	0	14	0	17	0	0	0	0	0	0	12	0	0	0	0	0	0	0	0	0	0	0	
695	316	0	0	0	0	0	15	0	15	0	15	0	0	0	0	0	0	14	0	0	0	0	0	0	0	0	0	0	0	
696	369	16	0	0	0	0	0	0	0	0	15	0	17	0	0	0	0	0	0	0	0	0	11	0	0	0	0	0	0	
697	534	0	0	0	0	0	15	0	14	0	15	0	0	0	0	15	0	0	0	0	0	0	0	0	0	0	0	0	0	
698	665	0	0	0	0	0	0	0	0	0	15	0	0	0	0	12	0	0	0	0	0	0	0	0	0	0	16	0	15	
699	914	17	0	0	0	0	0	0	0	0	15	0	0	0	0	0	0	0	0	0	0	13	0	0	0	15	0	0	0	
700	928	0	0	0	0	0	0	0	0	20	16	0	0	0	0	0	0	12	12	0	0	0	0	0	0	0	0	0	0	
701	49	0	0	30	0	0	0	0	15	0	0	0	0	0	0	0	0	0	0	0	0	15	0	0	0	0	0	0	0	
702	127	0	12	0	0	0	0	11	0	0	0	0	0	0	0	0	0	0	0	0	0	14	0	0	0	0	0	11	0	
703	225	18	0	0	0	0	0	0	0	0	0	0	0	0	0	0	0	0	0	0	0	15	12	0	0	0	15	0	0	
704	227	15	0	0	0	0	0	0	0	16	0	0	0	0	0	0	0	0	0	0	13	11	0	0	0	0	0	0	0	
705	493	0	0	0	0	0	0	0	0	19	0	0	0	0	0	0	15	0	0	0	0	9	13	0	0	0	0	0	0	
706	712	0	0	0	0	0	0	0	0	0	0	0	0	0	0	0	0	0	0	17	0	13	0	15	0	0	0	0	15	
707	58	17	0	0	0	0	0	0	0	0	0	0	15	0	0	0	0	0	0	0	0	0	0	0	13	0	15	0	0	
708	102	0	0	0	0	0	0	0	0	0	0	0	0	0	0	0	0	0	0	0	0	0	0	0	0	0	60	0	0	
709	152	0	0	0	0	0	0	0	0	0	0	0	20	0	0	0	0	0	0	0	0	0	8	0	15	0	15	0	0	
710	201	0	11	0	16	0	0	0	15	0	0	0	0	0	1	0	0	0	0	0	0	0	0	0	0	0	17	0	0	
711	288	0	0	0	16	0	0	0	0	0	0	14	0	0	0	0	0	0	0	14	0	0	0	0	0	0	15	0	0	
712	306	0	0	0	0	0	0	0	0	0	0	0	0	0	0	0	0	0	0	0	0	0	0	0	0	0	60	0	0	
713	354	0	0	0	0	0	0	0	0	0	0	0	0	0	0	0	0	0	0	0	0	0	0	0	0	0	60	0	0	
714	400	0	0	0	0	10	0	0	0	0	0	0	0	0	0	16	0	0	0	0	0	0	0	0	0	0	14	0	18	
715	442	0	0	0	0	17	0	0	0	0	0	0	0	0	0	12	0	0	0	14	0	0	0	0	0	0	15	0	0	
716	457	0	0	0	0	0	0	0	0	0	0	0	0	0	0	13	0	14	0	0	0	0	0	0	0	0	15	0	16	
717	527	0	0	0	0	0	0	0	0	16	0	0	0	0	0	0	0	0	16	0	13	0	0	0	0	0	15	0	0	
718	563	0	0	0	0	11	0	0	0	0	0	0	0	0	0	12	0	0	0	0	0	0	0	0	0	0	15	0	16	
719	568	0	0	15	0	0	0	0	0	0	0	0	0	14	0	16	0	0	0	0	0	0	0	0	0	0	13	0	0	
720	574	0	0	0	0	0	0	0	0	0	0	0	0	0	0	0	0	0	0	0	0	0	0	0	0	0	60	0	0	
721	584	0	0	0	0	11	0	0	0	0	0	0	0	0	0	18	0	0	0	15	0	0	0	0	0	0	14	0	0	
722	593	0	0	0	0	0	0	0	0	0	0	0	0	0	0	0	0	0	14	0	0	0	0	0	15	0	14	0	17	
723	603	0	0	0	0	0	0	0	0	0	0	0	0	0	0	0	0	0	0	0	0	0	0	0	0	0	60	0	0	
724	658	0	0	0	0	14	0	0	0	0	0	0	15	0	0	0	0	0	0	0	0	0	0	0	0	0	16	0	14	
725	662	0	0	0	0	11	0	0	16	0	0	0	0	0	0	0	0	0	0	0	0	0	0	0	0	0	15	0	14	
726	663	0	0	0	0	0	0	0	0	0	0	0	19	0	0	0	0	0	0	0	0	0	11	0	12	0	15	0	0	
727	664	0	0	0	0	0	0	0	0	0	0	0	0	0	0	0	0	0	0	0	0	0	0	0	0	0	60	0	0	
728	788	0	0	0	0	0	0	0	15	0	0	0	0	0	0	0	0	0	18	0	10	0	0	0	0	1	16	0	0	
729	802	0	0	0	0	0	0	0	0	0	0	0	0	0	0	0	0	0	0	0	0	0	0	0	0	0	60	0	0	
730	822	0	0	0	0	0	0	0	0	0	0	0	0	0	0	0	0	0	0	0	0	0	0	0	0	0	60	0	0	
731	73	0	0	0	0	0	0	0	0	0	0	0	0	0	0	0	0	0	0	0	0	0	0	0	60	0	0	0	0	
732	97	0	0	0	0	0	0	0	0	0	0	0	0	0	0	0	0	0	0	0	0	0	60	0	0	0	0	0	0	
733	117	0	0	0	0	0	0	0	0	0	0	0	0	0	0	0	0	0	0	0	0	0	0	0	60	0	0	0	0	
734	142	0	0	0	0	0	0	0	0	15	0	19	0	0	0	0	0	0	0	12	0	0	14	0	0	0	0	0	0	
735	169	0	0	0	0	0	0	0	0	0	0	0	0	0	0	0	0	0	0	0	0	0	0	0	60	0	0	0	0	
736	239	0	0	0	0	0	0	0	0	0	0	0	0	0	0	0	0	0	0	0	0	0	0	0	60	0	0	0	0	
737	259	0	0	0	0	0	0	0	0	0	0	0	0	0	0	0	0	0	0	0	0	0	0	0	60	0	0	0	0	
738	276	0	0	0	0	0	0	0	0	0	0	0	60	0	0	0	0	0	0	0	0	0	0	0	0	0	0	0	0	
739	278	0	0	0	0	0	0	0	0	0	0	0	0	0	0	0	0	0	0	0	0	0	0	0	60	0	0	0	0	
740	309	0	0	0	15	0	0	0	0	15	0	0	0	0	0	0	0	0	0	0	0	0	15	0	0	0	0	0	15	
741	320	0	0	0	0	0	0	0	0	0	0	0	60	0	0	0	0	0	0	0	0	0	0	0	0	0	0	0	0	
742	339	0	0	0	0	0	0	0	0	0	0	0	60	0	0	0	0	0	0	0	0	0	0	0	0	0	0	0	0	
743	421	0	0	0	0	0	0	0	0	0	0	0	0	0	0	0	0	0	0	0	0	0	0	0	60	0	0	0	0	
744	474	0	0	0	0	0	0	0	0	0	0	0	60	0	0	0	0	0	0	0	0	0	0	0	0	0	0	0	0	
745	518	14	0	0	0	0	0	0	0	0	0	0	17	0	0	0	0	0	0	0	0	0	7	0	12	0	0	0	0	
746	583	0	0	0	0	0	0	0	0	0	0	0	60	0	0	0	0	0	0	0	0	0	0	0	0	0	0	0	0	
747	612	0	0	0	0	0	0	0	0	0	0	0	0	0	0	0	0	0	0	0	0	0	0	0	60	0	0	0	0	
748	620	0	0	0	0	0	0	0	0	0	0	0	0	0	0	0	0	14	0	0	0	0	10	0	19	0	0	0	17	
749	681	0	0	0	0	0	0	0	0	0	0	0	60	0	0	0	0	0	0	0	0	0	0	0	0	0	0	0	0	
750	683	0	0	0	0	0	0	0	0	0	0	0	60	0	0	0	0	0	0	0	0	0	0	0	0	0	0	0	0	
751	751	0	0	0	0	0	0	0	0	0	0	0	60	0	0	0	0	0	0	0	0	0	0	0	0	0	0	0	0	
752	766	0	0	0	0	0	0	0	0	0	0	0	60	0	0	0	0	0	0	0	0	0	0	0	0	0	0	0	0	
753	780	0	0	0	0	0	0	0	0	0	0	0	60	0	0	0	0	0	0	0	0	0	0	0	0	0	0	0	0	
754	799	0	0	0	0	0	0	0	0	0	0	0	0	0	0	0	0	0	0	0	0	0	0	0	60	0	0	0	0	
755	845	0	0	0	0	0	0	0	0	0	0	0	60	0	0	0	0	0	0	0	0	0	0	0	0	0	0	0	0	
756	846	0	0	0	0	0	0	0	0	0	0	0	60	0	0	0	0	0	0	0	0	0	0	0	0	0	0	0	0	
757	856	0	0	0	0	0	0	0	0	0	0	0	60	0	0	0	0	0	0	0	0	0	0	0	0	0	0	0	0	
758	883	0	0	0	0	0	0	0	0	0	0	0	60	0	0	0	0	0	0	0	0	0	0	0	0	0	0	0	0	
759	921	0	0	0	16	0	0	0	0	0	0	0	17	0	0	0	0	0	0	0	0	0	13	0	11	0	0	0	0	
760	929	17	0	0	0	0	0	0	0	12	0	0	0	0	0	0	0	0	0	0	0	13	14	0	0	0	0	0	0	
761	946	0	0	0	0	0	0	0	0	0	0	0	0	0	0	0	0	0	0	0	0	0	0	0	60	0	0	0	0	
762	964	0	0	0	0	0	0	0	0	0	0	0	60	0	0	0	0	0	0	0	0	0	0	0	0	0	0	0	0	
763	975	0	0	0	0	0	0	0	0	0	0	0	0	0	0	0	0	0	0	0	0	0	60	0	0	0	0	0	0	
764	980	14	0	0	0	0	0	0	0	0	0	0	19	0	0	0	0	0	0	0	0	0	9	0	11	0	0	0	0	
765	103	14	0	0	0	0	0	0	0	0	0	0	0	0	0	0	0	0	0	0	0	0	11	0	18	0	0	0	15	
766	145	0	0	0	0	0	0	0	0	60	0	0	0	0	0	0	0	0	0	0	0	0	0	0	0	0	0	0	0	
767	155	0	0	0	0	0	0	0	0	0	0	0	60	0	0	0	0	0	0	0	0	0	0	0	0	0	0	0	0	
768	285	0	16	0	0	13	0	0	0	0	0	0	0	0	0	0	0	0	0	0	0	0	13	0	0	0	0	0	18	
769	476	0	0	0	0	0	0	0	0	60	0	0	0	0	0	0	0	0	0	0	0	0	0	0	0	0	0	0	0	
770	504	0	0	0	0	0	0	0	0	60	0	0	0	0	0	0	0	0	0	0	0	0	0	0	0	0	0	0	0	
771	508	17	0	0	0	0	0	0	0	0	0	0	17	0	0	0	0	0	0	0	0	0	8	0	0	0	0	16	0	
772	629	0	0	0	0	0	0	0	0	60	0	0	0	0	0	0	0	0	0	0	0	0	0	0	0	0	0	0	0	
773	809	0	0	0	0	0	0	0	0	16	0	0	0	0	0	0	0	0	14	0	11	9	0	0	0	0	0	0	0	
774	835	0	0	0	0	0	0	0	0	60	0	0	0	0	0	0	0	0	0	0	0	0	0	0	0	0	0	0	0	
775	890	0	0	0	0	0	12	0	0	0	0	0	17	0	0	0	0	0	0	0	0	0	16	0	11	0	0	0	0	
776	920	0	0	0	0	0	0	0	0	60	0	0	0	0	0	0	0	0	0	0	0	0	0	0	0	0	0	0	0	
777	24	0	0	0	0	0	0	0	0	0	0	0	0	0	0	0	0	0	60	0	0	0	0	0	0	0	0	0	0	
778	40	0	0	0	0	0	0	0	0	0	0	0	0	0	0	0	0	0	60	0	0	0	0	0	0	0	0	0	0	
779	54	0	0	0	0	0	0	0	0	0	0	0	0	0	0	0	0	0	60	0	0	0	0	0	0	0	0	0	0	
780	210	0	0	0	0	0	0	0	0	0	0	0	0	0	0	0	0	0	60	0	0	0	0	0	0	0	0	0	0	
781	228	0	0	30	0	0	0	0	0	0	0	0	0	0	0	0	0	0	15	0	0	0	0	15	0	0	0	0	0	
782	250	0	9	0	0	0	0	0	0	0	0	0	0	0	0	0	0	0	15	15	0	0	0	0	0	0	0	20	0	
783	277	0	0	0	0	0	0	0	0	0	0	0	0	0	0	0	0	0	60	0	0	0	0	0	0	0	0	0	0	
784	321	0	0	0	0	0	0	0	0	0	0	0	0	0	0	0	0	0	60	0	0	0	0	0	0	0	0	0	0	
785	349	0	0	0	0	0	0	0	0	0	0	0	0	0	0	0	0	0	60	0	0	0	0	0	0	0	0	0	0	
786	479	0	0	0	0	0	0	0	0	0	0	0	0	0	0	0	0	0	60	0	0	0	0	0	0	0	0	0	0	
787	598	0	0	0	0	0	0	0	0	0	0	0	0	0	0	0	0	0	60	0	0	0	0	0	0	0	0	0	0	
788	650	0	0	0	17	0	0	0	14	0	0	0	0	0	0	0	0	14	15	0	0	0	0	0	0	0	0	0	0	
789	724	14	0	0	0	0	0	0	0	0	0	0	17	0	0	0	0	0	15	0	0	0	0	0	11	0	0	0	0	
790	740	0	0	0	0	0	0	0	0	0	0	0	0	0	0	0	0	0	60	0	0	0	0	0	0	0	0	0	0	
791	763	0	0	0	0	0	0	0	0	0	0	0	0	0	0	0	0	0	60	0	0	0	0	0	0	0	0	0	0	
792	774	0	0	0	0	0	15	0	0	0	0	0	0	0	0	0	0	16	15	0	0	0	0	0	0	0	14	0	0	
793	795	0	0	0	0	0	0	0	0	0	0	0	0	0	0	0	0	0	60	0	0	0	0	0	0	0	0	0	0	
794	796	0	16	0	0	0	13	0	0	0	0	0	0	0	0	0	0	0	20	0	11	0	0	0	0	0	0	0	0	
795	813	0	0	0	0	0	0	0	0	0	0	0	0	0	0	0	0	0	60	0	0	0	0	0	0	0	0	0	0	
796	815	0	0	0	0	0	0	0	0	0	0	0	20	0	0	0	0	13	16	0	0	0	10	0	0	0	0	0	0	
797	898	0	0	0	0	0	0	0	0	0	0	0	0	0	0	0	0	0	60	0	0	0	0	0	0	0	0	0	0	
798	901	0	0	0	0	0	0	0	0	0	0	0	0	0	0	0	0	0	60	0	0	0	0	0	0	0	0	0	0	
799	933	0	0	0	0	0	0	0	0	0	0	0	0	0	0	0	0	0	60	0	0	0	0	0	0	0	0	0	0	
800	945	0	0	0	0	0	0	0	0	0	0	0	0	0	0	0	0	0	60	0	0	0	0	0	0	0	0	0	0	
801	957	0	0	0	0	0	8	0	19	0	0	0	0	0	0	0	0	0	13	16	0	0	0	0	0	0	0	0	0	
802	25	0	0	0	0	0	0	0	0	0	0	0	17	0	0	16	0	12	0	0	0	0	0	0	15	0	0	0	0	
803	69	0	0	0	0	0	0	0	0	0	0	0	0	0	0	0	0	0	0	0	0	0	0	0	60	0	0	0	0	
804	115	15	0	0	0	0	0	0	0	0	0	0	0	0	0	0	0	14	0	0	0	0	13	0	16	0	0	0	0	
805	236	15	0	15	0	0	0	0	0	0	0	0	0	0	0	11	0	0	0	0	0	0	0	0	0	0	0	0	19	
806	397	0	0	0	0	0	0	0	0	0	0	0	0	0	0	0	0	60	0	0	0	0	0	0	0	0	0	0	0	
807	410	0	0	0	0	0	0	0	0	0	0	0	0	0	0	0	0	0	0	0	0	0	0	0	60	0	0	0	0	
808	473	0	0	0	0	0	0	0	0	0	0	0	0	0	0	0	0	60	0	0	0	0	0	0	0	0	0	0	0	
809	562	0	0	0	0	0	0	0	0	0	0	0	0	0	0	60	0	0	0	0	0	0	0	0	0	0	0	0	0	
810	576	0	0	0	15	0	0	0	0	0	0	0	21	0	0	0	0	0	0	0	0	0	10	0	12	0	0	0	0	
811	625	0	0	0	0	13	15	0	0	0	0	0	0	0	0	13	0	0	0	0	0	0	0	0	0	0	16	0	0	
812	910	0	0	0	0	0	0	0	0	0	0	0	0	0	0	60	0	0	0	0	0	0	0	0	0	0	0	0	0	
813	965	0	0	0	0	0	0	0	0	0	0	0	60	0	0	0	0	0	0	0	0	0	0	0	0	0	0	0	0	
814	976	0	0	0	0	0	0	0	0	0	0	0	0	0	0	60	0	0	0	0	0	0	0	0	0	0	0	0	0	
815	67	16	14	0	0	0	0	0	0	18	0	0	0	0	0	0	0	0	0	0	0	11	0	0	0	0	0	0	0	
816	181	0	9	0	16	0	0	0	0	0	0	0	0	0	0	0	0	0	0	0	0	0	15	0	0	0	0	17	0	
817	208	0	0	0	0	0	0	0	0	0	0	0	0	0	0	0	0	0	0	0	0	0	0	0	0	0	0	60	0	
818	237	0	14	0	0	0	0	9	0	0	0	0	0	14	0	0	0	0	0	0	0	0	0	0	0	0	0	10	0	
819	305	0	0	0	0	0	0	0	0	0	0	0	0	0	0	0	0	0	0	0	0	0	0	0	0	0	0	60	0	
820	340	60	0	0	0	0	0	0	0	0	0	0	0	0	0	0	0	0	0	0	0	0	0	0	0	0	0	0	0	
821	561	0	9	0	0	0	0	21	0	0	0	14	0	0	0	0	0	0	0	0	0	0	0	0	0	0	16	0	0	
822	686	60	0	0	0	0	0	0	0	0	0	0	0	0	0	0	0	0	0	0	0	0	0	0	0	0	0	0	0	
823	762	0	0	0	0	0	0	16	0	0	0	0	16	0	0	0	0	0	0	0	0	0	12	0	12	0	0	0	0	
824	823	60	0	0	0	0	0	0	0	0	0	0	0	0	0	0	0	0	0	0	0	0	0	0	0	0	0	0	0	
825	873	60	0	0	0	0	0	0	0	0	0	0	0	0	0	0	0	0	0	0	0	0	0	0	0	0	0	0	0	
826	902	0	11	0	0	0	0	14	0	0	15	0	0	0	0	0	0	0	0	0	0	0	0	0	0	0	0	11	0	
827	951	60	0	0	0	0	0	0	0	0	0	0	0	0	0	0	0	0	0	0	0	0	0	0	0	0	0	0	0	
828	636	0	0	0	0	0	0	0	0	0	0	0	17	0	0	0	0	0	0	0	0	0	12	0	15	0	0	0	14	
829	731	15	4	0	0	0	0	0	0	0	0	0	0	18	0	0	0	0	0	0	0	0	0	0	0	0	0	17	0	
830	871	0	10	0	0	0	0	7	0	0	0	0	0	0	0	0	0	0	0	0	0	0	0	0	0	0	0	15	17	
831	969	0	11	0	0	0	0	8	0	0	0	0	0	0	0	0	0	0	0	0	0	15	0	0	0	0	0	11	0	
832	979	0	10	0	0	0	0	16	0	0	0	0	0	16	0	0	0	0	0	0	0	13	0	0	0	0	0	0	0	
833	150	19	0	0	0	0	0	0	0	0	0	15	0	0	0	0	0	0	0	0	0	0	11	15	0	0	0	0	0	
834	334	60	0	0	0	0	0	0	0	0	0	0	0	0	0	0	0	0	0	0	0	0	0	0	0	0	0	0	0	
835	531	60	0	0	0	0	0	0	0	0	0	0	0	0	0	0	0	0	0	0	0	0	0	0	0	0	0	0	0	
836	565	0	0	0	0	0	0	0	0	0	0	0	16	15	0	0	0	0	0	0	0	0	8	0	15	0	0	0	0	
837	644	0	0	0	0	0	0	0	0	60	0	0	0	0	0	0	0	0	0	0	0	0	0	0	0	0	0	0	0	
838	698	0	0	0	0	0	0	0	0	60	0	0	0	0	0	0	0	0	0	0	0	0	0	0	0	0	0	0	0	
839	741	60	0	0	0	0	0	0	0	0	0	0	0	0	0	0	0	0	0	0	0	0	0	0	0	0	0	0	0	
840	832	60	0	0	0	0	0	0	0	0	0	0	0	0	0	0	0	0	0	0	0	0	0	0	0	0	0	0	0	
841	947	0	0	0	0	0	0	0	0	60	0	0	0	0	0	0	0	0	0	0	0	0	0	0	0	0	0	0	0	
842	961	0	11	0	0	0	0	0	0	0	0	0	0	0	2	0	0	0	0	16	0	0	8	0	21	0	0	0	0	
843	55	0	0	0	60	0	0	0	0	0	0	0	0	0	0	0	0	0	0	0	0	0	0	0	0	0	0	0	0	
844	954	0	0	0	60	0	0	0	0	0	0	0	0	0	0	0	0	0	0	0	0	0	0	0	0	0	0	0	0	
845	31	0	0	0	0	0	0	0	0	0	0	0	0	0	0	0	0	0	0	0	0	0	0	0	0	0	0	0	60	
846	38	0	0	0	0	0	0	0	0	0	0	0	0	0	0	0	0	0	0	0	0	0	0	0	0	0	0	0	60	
847	57	0	0	0	0	0	0	0	0	0	0	0	0	0	0	0	0	0	0	0	0	0	0	0	0	0	0	0	60	
848	75	0	0	0	0	0	0	0	0	0	0	0	0	0	0	0	0	0	0	0	0	0	0	0	0	0	0	0	60	
849	83	0	0	0	0	0	0	0	0	0	0	0	0	0	0	0	0	0	0	0	0	0	0	0	0	0	0	0	60	
850	140	0	0	12	0	0	16	0	0	0	0	0	0	0	0	0	0	0	0	0	0	0	0	17	0	0	0	0	15	
851	144	0	0	0	0	0	0	0	0	0	0	0	0	0	0	0	0	0	0	0	0	0	0	0	0	0	0	0	60	
852	147	0	0	0	0	0	0	0	0	0	0	0	0	0	0	0	0	0	0	0	0	0	0	0	0	0	0	0	60	
853	222	0	0	0	0	0	0	0	0	0	0	0	0	0	0	0	0	0	0	0	0	0	0	0	0	0	0	0	60	
854	242	0	0	0	0	0	0	0	0	0	0	0	0	0	0	0	0	0	0	0	0	0	0	0	0	0	0	0	60	
855	270	0	0	0	0	0	0	0	0	0	0	0	0	0	0	0	0	0	0	0	0	0	0	0	0	0	0	0	60	
856	284	0	0	0	0	0	0	0	0	0	0	0	0	0	0	0	0	0	0	0	0	0	0	0	0	0	0	0	60	
857	289	0	0	0	0	0	0	0	0	0	0	0	0	0	0	0	0	0	0	0	0	0	0	0	0	0	0	0	60	
858	364	0	0	0	0	0	0	0	0	0	0	0	0	0	0	0	0	0	0	0	0	0	0	0	0	0	0	0	60	
859	372	0	0	0	0	0	0	0	0	0	0	0	0	0	0	0	0	0	0	0	0	0	0	0	0	0	0	0	60	
860	382	0	0	0	0	0	0	0	0	0	0	0	0	0	0	0	0	0	0	0	0	0	0	0	0	0	0	0	60	
861	386	0	0	0	0	15	0	0	15	0	0	0	0	0	0	0	0	0	0	0	0	0	0	0	0	0	15	0	14	
862	391	0	0	0	0	0	0	0	0	0	0	0	0	0	0	0	0	0	0	0	0	0	0	0	0	0	0	0	60	
863	394	0	0	0	0	0	0	0	0	0	0	0	0	0	0	0	0	0	0	0	0	0	0	0	0	0	0	0	60	
864	399	0	0	0	0	0	0	0	0	0	0	0	0	0	0	0	0	0	0	0	0	0	0	0	0	0	0	0	60	
865	413	0	0	0	0	0	0	0	0	0	0	0	0	0	0	0	0	0	0	0	0	0	0	0	0	0	0	0	60	
866	432	0	0	0	0	0	0	0	0	0	0	0	0	0	0	0	0	0	0	0	0	0	0	0	0	0	0	0	60	
867	437	0	0	0	0	0	0	0	0	0	0	0	0	0	0	0	0	0	0	0	0	0	0	0	0	0	0	0	60	
868	441	0	0	0	0	0	0	0	0	0	0	0	0	0	0	0	0	0	0	0	0	0	0	0	0	0	0	0	60	
869	482	0	0	0	0	0	0	0	0	0	0	0	0	0	0	0	0	0	0	0	0	0	0	0	0	0	0	0	60	
870	484	0	0	0	0	14	0	0	0	0	0	0	0	0	0	0	0	16	0	0	0	0	0	0	15	0	0	0	15	
871	496	0	0	0	0	0	0	0	0	0	0	0	0	0	0	0	0	0	0	0	0	0	0	0	0	0	0	0	60	
872	581	0	0	0	0	0	0	0	0	0	0	0	0	0	0	0	0	0	0	0	0	0	0	0	0	0	0	0	60	
873	622	0	0	0	0	0	0	0	0	0	0	0	0	0	0	0	0	0	0	0	0	0	0	0	0	0	0	0	60	
874	783	0	0	0	0	0	0	0	0	0	0	0	0	0	0	0	0	0	0	0	0	0	0	0	0	0	0	0	60	
875	820	0	0	0	0	11	0	0	0	0	0	0	0	0	0	11	0	0	0	0	0	0	0	0	0	0	15	0	13	
876	842	0	0	0	0	14	0	0	0	0	0	0	0	0	0	0	0	0	0	0	0	0	15	0	0	0	13	0	18	
877	887	0	0	0	0	0	0	0	0	0	0	0	0	0	0	0	0	0	0	0	0	0	0	0	0	0	0	0	60	
878	918	0	0	0	0	0	0	0	0	0	0	0	0	0	0	0	0	0	0	0	0	0	0	0	0	0	0	0	60	
879	942	0	0	0	0	0	0	0	0	0	0	0	0	0	0	10	0	0	0	16	0	0	0	0	0	0	16	0	14	
880	968	0	0	0	0	0	0	0	0	0	0	0	0	0	0	0	0	0	0	0	0	0	0	0	0	0	0	0	60	
881	985	0	0	0	0	0	0	0	0	0	0	0	0	0	0	0	0	0	0	0	0	0	0	0	0	0	0	0	60	
882	116	0	0	0	0	0	0	0	0	0	0	0	17	0	0	11	0	14	0	0	0	0	0	0	0	0	18	0	0	
883	121	15	0	0	0	0	0	0	0	0	0	0	16	0	0	14	0	15	0	0	0	0	0	0	0	0	0	0	0	
884	138	0	0	0	0	0	17	0	0	17	0	0	16	0	0	0	0	10	0	0	0	0	0	0	0	0	0	0	0	
885	379	0	11	0	0	0	0	0	0	0	0	0	0	0	0	0	0	13	0	0	0	0	0	0	0	0	0	16	18	
886	423	0	0	17	0	0	0	0	0	0	0	0	0	0	0	0	0	13	0	0	0	0	14	16	0	0	0	0	0	
887	480	0	0	0	0	0	0	0	0	14	0	0	0	0	0	0	0	13	0	0	0	0	18	0	0	0	0	15	0	
888	505	0	0	0	0	0	0	0	15	0	0	0	16	0	0	0	0	10	0	19	0	0	0	0	0	0	0	0	0	
889	535	0	0	0	0	16	0	0	0	0	0	0	0	0	0	9	0	14	0	0	0	0	0	0	0	0	0	0	16	
890	659	0	0	15	0	13	0	0	0	0	0	0	17	0	0	0	0	15	0	0	0	0	0	0	0	0	0	0	0	
891	726	0	0	0	15	0	0	0	0	0	0	0	0	0	0	0	0	11	0	16	0	0	0	15	0	0	0	0	0	
892	892	0	0	0	12	0	0	0	0	0	0	16	0	0	0	0	0	11	0	12	0	0	0	0	0	0	0	0	0	
893	387	0	0	0	0	0	0	0	0	0	0	0	0	0	0	60	0	0	0	0	0	0	0	0	0	0	0	0	0	
894	577	0	0	0	0	0	0	0	0	0	0	0	0	0	0	60	0	0	0	0	0	0	0	0	0	0	0	0	0	
895	797	0	0	0	0	0	0	0	0	0	0	0	0	0	0	60	0	0	0	0	0	0	0	0	0	0	0	0	0	
896	913	0	0	0	0	60	0	0	0	0	0	0	0	0	0	0	0	0	0	0	0	0	0	0	0	0	0	0	0	
897	193	15	0	0	0	0	0	0	0	0	0	0	15	0	0	0	0	0	0	0	0	0	14	0	13	0	0	0	0	
898	48	16	0	0	0	0	13	0	0	0	15	0	0	0	0	16	0	0	0	0	0	0	0	0	0	0	0	0	0	
899	966	0	0	0	0	0	15	0	11	0	16	0	0	0	0	0	13	0	0	0	0	0	0	0	0	0	0	0	0	
900	200	0	0	30	0	0	0	0	15	0	0	0	0	0	0	0	0	0	0	0	0	0	0	15	0	0	0	0	0	
901	345	0	0	13	15	0	16	0	0	0	0	0	0	0	0	0	0	0	0	16	0	0	0	0	0	0	0	0	0	
902	569	0	0	60	0	0	0	0	0	0	0	0	0	0	0	0	0	0	0	0	0	0	0	0	0	0	0	0	0	
903	572	0	0	18	0	0	0	14	0	0	0	0	0	0	0	0	0	0	0	0	0	0	0	15	0	13	0	0	0	
904	605	0	0	10	0	0	0	0	0	0	0	0	16	0	0	0	0	0	0	16	0	0	0	0	0	18	0	0	0	
905	715	0	0	60	0	0	0	0	0	0	0	0	0	0	0	0	0	0	0	0	0	0	0	0	0	0	0	0	0	
906	234	0	0	0	0	13	0	0	15	0	0	0	0	0	0	14	0	0	0	0	0	0	0	0	0	0	0	0	16	
907	455	0	15	0	0	0	0	0	0	15	15	0	0	0	0	0	0	0	0	0	0	0	0	0	0	0	0	0	15	
908	925	0	0	0	0	0	0	0	0	0	0	0	0	0	0	14	0	0	16	0	0	0	0	0	0	0	0	12	17	
909	51	0	0	0	0	12	0	0	0	0	0	0	0	0	0	19	0	13	0	0	0	0	0	0	0	0	0	15	0	
910	582	0	14	0	0	15	0	0	0	0	0	0	0	15	0	0	0	0	0	0	0	0	0	16	0	0	0	0	0	
911	182	0	0	0	0	0	0	17	0	0	0	15	0	0	0	0	0	0	15	0	0	0	13	0	0	0	0	0	0	
912	300	15	0	0	14	0	0	0	0	0	0	14	0	0	0	0	0	0	17	0	0	0	0	0	0	0	0	0	0	
913	402	0	0	0	0	0	0	0	0	0	0	0	17	0	0	0	0	0	14	0	0	0	9	0	15	0	0	0	0	
914	63	0	0	0	0	0	12	0	0	0	0	0	0	0	0	16	17	0	0	0	0	14	0	0	0	0	0	0	0	
915	323	0	0	0	0	0	13	0	12	0	0	0	0	0	0	15	16	0	0	0	0	0	0	0	0	0	0	0	0	
916	571	0	0	0	0	0	13	0	16	0	0	0	0	0	0	0	15	0	0	0	0	0	0	15	0	0	0	0	0	
917	692	18	0	0	0	0	0	0	0	17	0	0	0	0	0	0	14	0	0	0	0	0	9	0	0	0	0	0	0	
918	700	0	0	0	0	0	11	0	13	0	0	0	0	0	0	0	16	0	0	0	0	0	0	15	0	0	0	0	0	
919	59	0	0	0	0	0	0	0	0	0	0	0	0	0	0	0	0	0	0	0	0	0	0	60	0	0	0	0	0	
920	76	16	0	0	0	0	14	0	0	0	0	0	0	0	0	13	0	0	0	0	0	0	0	17	0	0	0	0	0	
921	130	0	0	0	0	0	0	0	0	0	0	0	0	0	0	0	0	0	0	0	0	0	0	60	0	0	0	0	0	
922	153	0	0	0	0	0	0	0	0	0	0	0	0	0	0	0	0	0	0	0	0	0	0	60	0	0	0	0	0	
923	304	0	0	0	14	0	0	0	0	0	0	0	0	0	0	0	0	0	0	16	0	0	14	15	0	0	0	0	0	
924	416	0	0	0	0	0	0	0	0	0	0	0	0	0	0	0	0	0	0	0	0	0	0	60	0	0	0	0	0	
925	450	0	0	0	0	0	0	0	0	0	0	0	0	0	0	0	0	0	0	0	0	0	0	39	0	0	0	0	0	
926	489	0	0	0	0	0	0	0	0	0	0	0	0	0	0	0	0	0	0	0	0	0	0	31	0	0	0	0	0	
927	492	0	0	0	0	0	0	0	0	0	0	0	0	0	0	0	0	0	0	0	0	0	0	31	0	0	0	0	0	
928	498	0	0	0	0	0	0	0	0	0	0	0	0	0	0	0	0	0	0	0	0	0	0	31	0	0	0	0	0	
929	522	0	0	0	0	0	0	0	0	0	0	0	0	0	0	0	0	0	0	0	0	0	0	31	0	0	0	0	0	
930	532	0	0	0	0	0	0	0	0	0	0	0	0	0	0	0	0	0	0	0	0	0	0	31	0	0	0	0	0	
931	566	0	0	0	0	0	0	0	0	0	0	0	0	0	0	0	0	0	0	0	0	0	0	31	0	0	0	0	0	
932	597	0	0	0	0	0	0	0	0	0	0	0	0	0	0	0	0	0	0	0	0	0	0	31	0	0	0	0	0	
933	641	0	0	0	0	0	0	0	0	0	0	0	0	0	0	0	0	0	0	0	0	0	0	31	0	0	0	0	0	
934	673	0	0	0	0	0	0	0	0	0	0	0	0	0	0	0	0	0	0	0	0	0	0	60	0	0	0	0	0	
935	706	0	13	0	0	0	0	18	0	0	0	0	0	0	0	0	0	0	0	0	0	0	0	15	14	0	0	0	0	
936	707	0	0	0	0	0	0	0	0	0	0	0	0	0	0	0	0	0	0	0	0	0	0	60	0	0	0	0	0	
937	752	0	0	0	0	0	0	0	0	0	0	0	0	0	0	0	0	0	0	0	0	0	0	60	0	0	0	0	0	
938	905	0	0	0	0	0	0	0	0	0	0	0	0	0	0	0	0	0	0	0	0	0	0	60	0	0	0	0	0	
939	273	0	0	0	0	0	13	0	16	14	0	0	0	0	0	0	0	0	0	16	0	0	0	0	0	0	0	0	0	
940	448	0	0	0	0	17	0	0	0	0	0	16	0	0	0	10	0	0	0	0	0	0	0	0	0	0	15	0	0	
941	163	0	12	0	0	0	15	0	0	0	0	0	0	0	0	13	0	0	0	0	0	0	0	0	0	0	0	18	0	
942	268	0	0	18	0	0	0	0	0	0	0	0	16	0	0	13	0	0	0	0	0	0	13	0	0	0	0	0	0	
943	336	0	0	0	15	0	0	0	0	0	0	16	0	0	0	15	0	0	0	11	0	0	0	0	0	0	0	0	0	
944	50	0	0	0	14	0	0	0	0	0	0	0	0	0	0	0	0	0	0	17	0	0	14	0	14	0	0	0	0	
945	418	0	17	0	0	0	0	0	0	0	0	0	17	0	0	0	0	0	0	0	0	0	11	0	13	0	0	0	0	
946	703	0	0	0	13	0	0	0	14	0	0	0	0	0	0	0	0	0	0	0	17	0	15	0	0	0	0	0	0	
947	141	0	0	0	0	0	60	0	0	0	0	0	0	0	0	0	0	0	0	0	0	0	0	0	0	0	0	0	0	
948	506	0	0	0	0	0	60	0	0	0	0	0	0	0	0	0	0	0	0	0	0	0	0	0	0	0	0	0	0	
949	585	0	0	0	0	0	12	0	0	0	0	0	0	0	0	15	0	16	0	17	0	0	0	0	0	0	0	0	0	
950	801	0	0	0	0	0	60	0	0	0	0	0	0	0	0	0	0	0	0	0	0	0	0	0	0	0	0	0	0	
951	805	0	0	0	0	0	60	0	0	0	0	0	0	0	0	0	0	0	0	0	0	0	0	0	0	0	0	0	0	
952	817	0	0	0	0	0	60	0	0	0	0	0	0	0	0	0	0	0	0	0	0	0	0	0	0	0	0	0	0	
953	880	60	0	0	0	0	0	0	0	0	0	0	0	0	0	0	0	0	0	0	0	0	0	0	0	0	0	0	0	
954	955	60	0	0	0	0	0	0	0	0	0	0	0	0	0	0	0	0	0	0	0	0	0	0	0	0	0	0	0	
955	176	0	0	0	0	0	16	0	0	0	0	0	0	0	0	0	0	0	0	15	0	0	9	0	18	0	0	0	0	
956	233	0	0	0	0	0	13	21	0	0	0	0	0	0	0	0	0	0	0	0	0	0	12	0	0	0	0	14	0	
957	660	0	10	0	0	0	15	0	0	0	0	0	0	21	0	0	0	0	0	14	0	0	0	0	0	0	0	0	0	
958	764	17	0	0	0	0	0	0	0	0	0	0	17	0	0	0	0	0	0	0	0	0	8	0	13	0	0	0	0	
959	927	0	0	0	60	0	0	0	0	0	0	0	0	0	0	0	0	0	0	0	0	0	0	0	0	0	0	0	0	
960	730	0	4	0	0	0	0	0	0	0	0	0	0	15	0	0	0	0	0	0	0	0	12	0	0	0	0	18	0	
961	213	16	0	15	0	0	0	0	0	0	0	0	15	0	0	0	0	0	0	0	0	0	14	0	0	0	0	0	0	
962	251	0	0	30	0	0	0	0	0	0	0	0	0	0	0	0	0	0	0	0	0	0	0	15	0	15	0	0	0	
963	971	0	0	13	0	0	0	0	0	0	0	0	0	0	0	0	0	16	0	0	0	0	0	16	0	15	0	0	0	
964	909	0	0	14	0	0	0	0	0	0	0	0	0	0	0	0	0	0	13	0	0	0	0	0	0	16	0	0	17	
965	71	15	0	0	14	0	0	0	0	0	0	0	0	0	0	0	0	11	0	17	0	0	0	0	0	0	0	0	0	
966	99	0	7	0	15	0	0	16	0	0	0	0	0	0	0	0	0	0	0	0	0	0	0	0	0	0	0	14	0	
967	161	16	0	0	15	0	15	0	14	0	0	0	0	0	0	0	0	0	0	0	0	0	0	0	0	0	0	0	0	
968	162	15	0	0	15	0	0	0	13	0	0	0	0	0	0	0	17	0	0	0	0	0	0	0	0	0	0	0	0	
969	454	0	14	0	16	0	0	0	0	0	0	0	0	0	0	0	0	13	0	0	0	0	0	0	0	0	0	16	0	
970	613	0	15	0	15	0	0	11	0	0	0	0	0	0	0	0	0	0	0	0	0	0	0	0	0	0	0	12	0	
971	637	0	0	0	17	0	0	0	0	0	0	12	0	0	0	0	0	13	0	11	0	0	0	0	0	0	0	0	0	
972	711	0	0	0	13	0	0	0	0	0	0	12	0	0	0	0	0	7	0	16	0	0	0	0	0	0	0	0	0	
973	895	0	0	0	10	0	0	0	0	0	0	15	16	0	0	0	0	12	0	0	0	0	0	0	0	0	0	0	0	
974	362	0	0	0	13	0	0	0	0	15	0	0	0	17	0	0	0	0	0	0	0	0	0	0	0	0	0	0	15	
975	977	60	0	0	0	0	0	0	0	0	0	0	0	0	0	0	0	0	0	0	0	0	0	0	0	0	0	0	0	
976	509	0	0	0	0	0	0	0	15	0	0	0	17	0	0	0	0	0	0	0	0	0	12	15	0	0	0	0	0	
977	405	0	0	0	0	0	0	0	0	17	0	0	0	0	0	0	0	0	0	16	0	0	13	0	0	0	0	14	0	
978	984	0	0	0	0	0	0	16	0	0	0	0	0	0	0	0	0	0	0	0	0	14	10	0	19	0	0	0	0	
979	866	16	0	0	0	0	15	0	12	0	0	0	0	0	0	0	0	0	0	14	0	0	0	0	0	0	0	0	0	
980	714	0	0	0	0	0	18	0	11	0	18	0	0	0	0	0	0	12	0	0	0	0	0	0	0	0	0	0	0	
981	940	0	0	0	0	0	10	0	0	0	17	0	0	0	0	0	17	0	0	0	14	0	0	0	0	0	0	0	0	
982	253	16	11	0	0	0	0	0	0	14	0	0	0	0	0	0	0	0	0	0	0	0	0	0	0	0	0	19	0	
983	368	0	16	0	0	0	15	12	0	0	0	0	16	0	0	0	0	0	0	0	0	0	0	0	0	0	0	0	0	
984	396	0	14	0	0	0	0	0	0	0	0	0	0	0	0	0	0	15	0	0	0	0	16	0	13	0	0	0	0	
985	538	0	16	0	0	0	0	10	0	0	0	0	0	0	0	0	0	14	0	0	0	0	0	0	0	0	0	7	0	
986	557	0	13	0	0	0	16	0	14	0	0	0	0	0	0	0	0	0	0	0	0	0	0	0	0	0	0	15	0	
987	220	15	0	0	0	0	0	0	0	0	0	0	16	0	0	0	0	0	0	0	0	0	8	0	13	0	0	0	0	
988	738	0	0	0	0	0	0	0	0	15	0	0	17	0	0	0	0	0	0	0	0	0	11	0	14	0	0	0	0	
989	865	0	0	0	0	0	0	0	0	0	0	14	16	0	0	0	0	0	0	0	0	0	8	0	20	0	0	0	0	
990	953	15	0	0	0	0	0	0	0	0	0	0	18	14	0	0	0	0	0	0	0	0	0	0	13	0	0	0	0	
991	814	0	0	0	0	0	14	0	11	15	0	0	0	0	0	0	16	0	0	0	0	0	0	0	0	0	0	0	0	
992	744	0	0	0	0	0	0	0	0	0	0	0	0	16	0	10	0	0	0	0	0	0	0	0	0	0	17	0	16	
993	317	0	12	0	0	0	0	10	0	15	0	0	0	21	0	0	0	0	0	0	0	0	0	0	0	0	0	0	0	
994	330	15	0	12	0	0	0	0	15	0	0	0	0	0	0	0	0	0	0	0	0	0	0	18	0	0	0	0	0	
995	431	17	0	0	16	0	0	0	0	0	0	0	20	0	0	0	0	0	0	0	0	0	6	0	0	0	0	0	0	
996	676	0	11	0	0	0	0	0	0	0	0	0	0	17	0	0	0	15	0	0	0	0	0	0	0	0	0	11	0	
997	283	0	0	0	0	0	0	11	0	0	0	0	0	20	9	0	0	0	0	0	0	0	0	0	0	0	0	13	0	
998	767	0	0	0	15	0	0	0	0	0	0	15	0	0	0	0	0	0	0	0	0	0	0	0	0	0	14	16	0	
999	737	0	0	0	0	0	0	0	0	0	0	0	0	0	0	0	0	0	0	16	0	0	0	0	0	14	15	0	15	
