3 26 29 48 58 67 71 76 80 103 115 121 125 128 150 161 162 187 188 193 213 220 224 225 227 236 253 286 293 322 330 334 340 369 375 383 388 412 422 425 426 431 458 499 508 511 518 531 555 575 578 599 604 619 640 652 656 686 692 702 716 719 724 731 741 742 760 764 765 768 773 792 798 823 832 840 858 866 869 873 880 882 885 914 929 934 951 953 955 977 980 987 991 
6 7 17 26 27 52 66 67 70 77 78 79 85 90 91 99 108 110 126 127 134 159 163 165 172 180 181 201 204 237 250 253 263 266 285 294 296 303 312 317 337 343 352 361 368 371 374 379 389 396 418 427 452 454 455 456 463 465 490 497 501 510 520 525 538 540 556 557 561 567 575 582 611 613 618 635 660 668 672 676 691 702 704 706 713 718 725 730 731 732 745 748 755 769 775 796 829 871 877 881 902 911 935 950 961 969 973 978 979 
10 16 17 36 49 52 53 61 72 82 89 95 100 107 111 125 139 140 143 164 166 167 191 200 204 207 212 213 228 236 249 251 268 298 302 327 345 359 370 374 385 390 398 401 411 412 423 430 433 434 435 438 452 459 461 465 466 467 470 487 503 507 515 523 529 542 547 555 556 568 569 572 591 605 623 638 639 646 647 654 659 667 672 677 684 701 710 715 717 733 735 745 746 757 765 793 807 808 810 811 819 828 837 839 854 881 882 886 900 904 909 944 956 962 971 990 999 1000 
8 30 50 55 61 71 98 99 120 126 137 149 161 162 173 181 198 199 201 202 214 217 238 256 257 288 300 304 309 315 336 345 356 362 363 375 380 385 392 415 431 433 454 468 478 486 514 549 576 587 606 608 613 623 632 637 639 648 650 703 711 726 749 765 767 778 779 830 839 892 894 895 900 906 917 921 927 937 941 943 954 958 
12 14 29 33 34 39 45 51 70 89 94 114 135 143 184 203 204 219 234 245 328 329 331 341 357 365 386 395 400 406 422 426 430 440 442 446 448 458 460 464 472 484 485 488 494 495 499 502 512 520 535 563 573 579 582 584 586 588 590 625 635 649 658 659 684 697 710 723 732 785 786 787 789 791 798 807 820 821 840 842 862 863 870 886 913 917 939 950 992 995 
12 48 63 70 76 124 128 138 140 141 161 163 168 176 196 202 215 233 262 266 273 280 293 314 315 316 332 345 347 368 411 426 429 461 506 534 557 571 585 594 600 610 614 625 630 651 660 671 694 696 699 700 705 714 717 774 785 796 800 801 805 814 816 817 828 834 847 866 868 890 935 940 941 957 966 967 986 990 991 999 
1 5 6 7 17 26 27 52 77 78 90 91 99 108 126 127 159 165 166 170 171 172 174 182 195 216 233 237 240 265 266 283 290 292 296 303 317 337 338 358 363 368 371 376 389 407 414 427 486 497 536 538 550 551 556 561 572 590 595 611 613 618 624 627 649 668 671 677 680 706 713 718 725 748 755 760 762 776 792 811 829 871 875 893 902 919 926 930 935 937 938 943 950 969 973 979 982 984 
1 5 16 37 43 49 68 84 106 131 133 161 162 165 178 183 191 200 201 221 229 232 234 262 273 275 281 286 314 315 316 318 323 330 386 445 483 505 509 524 529 534 557 571 600 604 607 614 630 633 649 650 651 654 662 671 678 679 693 694 700 703 714 727 747 750 785 788 814 830 831 866 868 957 963 966 967 986 990 
10 23 29 62 67 74 112 123 138 142 145 170 192 211 227 230 231 244 253 254 256 260 273 274 301 309 317 353 360 362 383 393 405 419 420 422 433 455 461 466 468 476 480 486 491 493 502 504 507 511 519 521 524 526 527 539 548 554 564 595 602 615 619 624 629 631 643 644 692 698 721 738 739 746 759 776 809 814 827 833 835 853 855 861 862 864 874 896 915 920 928 929 947 956 986 993 995 996 
5 19 35 37 65 68 78 88 135 157 185 190 191 206 255 307 313 316 332 337 373 414 477 514 517 520 533 534 558 559 596 617 649 674 689 714 727 736 777 785 800 804 818 828 844 860 878 894 906 928 937 938 940 966 983 998 
3 7 8 13 47 60 64 86 98 100 101 111 136 142 143 150 151 154 156 159 182 190 199 214 235 255 257 258 269 271 288 300 314 326 336 348 350 356 373 375 380 385 388 392 398 415 430 448 490 513 514 523 541 561 606 616 632 634 637 639 653 674 711 727 754 757 767 776 778 803 804 830 836 839 863 865 892 894 895 924 938 993 
22 23 25 58 98 116 121 138 152 155 193 220 235 268 276 320 339 368 369 402 418 431 453 474 505 508 509 518 551 565 573 576 583 605 636 640 655 659 663 681 683 724 738 747 751 757 762 764 766 780 815 845 846 851 856 865 879 883 890 895 921 952 953 964 965 980 1000 
2 4 6 17 52 68 72 90 91 92 94 108 119 120 134 135 160 166 188 195 197 216 237 240 248 266 269 283 294 317 324 329 331 351 352 361 362 363 367 373 381 388 389 404 414 417 427 428 439 446 447 452 453 456 462 486 487 510 551 555 556 565 568 575 582 592 600 601 611 614 618 619 626 627 635 643 648 660 661 667 668 676 677 695 713 725 730 731 744 745 748 755 769 775 790 800 829 841 851 868 881 884 893 906 917 923 937 941 953 973 978 979 981 982 990 997 
66 85 110 180 201 263 283 312 343 463 525 691 704 732 893 961 982 
12 25 33 34 46 47 48 51 56 63 76 94 109 114 116 121 163 177 184 189 190 195 203 205 230 234 236 241 264 268 280 294 299 310 323 328 329 331 333 336 341 376 378 387 400 406 440 442 448 457 458 464 472 488 534 535 549 562 563 568 577 580 584 585 586 587 590 621 625 654 665 675 708 718 732 735 744 797 798 800 804 820 821 862 886 910 917 919 925 931 942 948 952 959 976 995 
16 18 30 37 41 63 70 87 105 109 120 128 129 162 183 194 202 215 229 235 255 262 264 274 280 282 293 315 323 363 375 411 417 465 469 493 524 530 546 558 571 589 594 600 609 624 628 630 640 651 654 670 671 688 692 693 700 717 728 729 743 746 784 807 814 816 828 850 868 872 876 888 940 941 966 967 986 991 994 1000 
3 8 25 32 51 71 77 81 89 93 98 115 116 121 138 158 190 191 199 204 214 226 257 269 316 325 326 348 377 379 380 392 396 397 403 415 420 423 426 446 454 457 466 473 480 481 484 502 505 514 519 521 523 535 538 549 585 606 620 632 637 639 647 650 653 659 676 697 708 711 714 726 756 774 778 804 815 816 821 836 839 858 863 864 892 895 900 906 915 928 943 952 971 
24 40 47 54 109 123 132 135 182 192 210 211 228 231 244 250 258 277 300 301 310 321 349 353 360 393 402 420 464 479 511 527 539 543 548 593 598 602 604 607 650 653 655 656 674 719 721 724 740 746 763 774 788 795 796 809 813 815 818 819 827 833 853 858 888 891 896 898 901 909 925 928 933 945 957 972 995 996 
3 8 50 61 71 122 142 167 176 199 214 215 241 245 246 250 257 260 273 279 288 295 298 304 314 326 335 336 344 345 348 356 366 380 388 392 405 408 415 430 436 442 443 466 490 497 505 526 528 530 553 558 584 585 605 606 611 628 632 637 648 657 660 666 682 697 711 712 726 737 756 776 778 830 836 866 888 892 894 904 907 931 942 943 956 957 961 967 972 
15 23 74 104 118 132 148 167 175 192 194 211 216 227 230 231 245 256 258 286 301 310 311 351 353 360 385 393 414 419 420 435 461 500 502 519 521 526 527 530 543 545 548 602 645 674 677 685 694 703 717 719 721 733 735 761 796 803 809 818 840 843 853 854 857 864 874 889 896 897 915 938 940 972 993 
11 20 28 44 49 62 63 67 74 96 114 120 123 127 132 192 194 225 227 230 231 244 255 256 258 260 269 274 286 291 293 301 310 351 353 356 360 383 384 393 419 429 433 464 468 493 507 511 519 521 526 539 544 548 595 602 607 643 647 656 712 721 732 771 803 809 818 821 827 833 838 853 858 864 874 896 899 908 914 915 929 956 960 969 972 979 984 987 991 993 996 
1 22 23 34 47 50 62 74 97 103 115 142 150 152 170 172 176 179 181 182 188 193 202 213 220 225 232 233 241 245 260 268 274 285 304 309 369 383 396 402 405 411 418 423 424 429 431 444 453 456 468 480 493 508 509 510 518 530 543 551 552 565 576 587 620 628 636 643 656 663 692 693 703 719 730 733 734 738 747 758 759 760 762 764 773 775 782 815 825 840 842 851 865 879 890 912 921 929 961 975 978 980 984 987 996 
42 59 76 130 140 146 153 186 243 287 296 303 319 327 330 342 374 376 398 412 416 423 438 450 489 492 498 522 532 566 582 597 641 673 687 707 752 770 792 794 806 824 859 867 903 904 905 919 971 999 
22 25 27 29 50 58 62 68 69 73 103 115 117 152 169 176 183 193 220 235 239 259 278 365 396 402 410 418 421 429 484 518 565 576 593 594 604 612 620 627 636 640 655 663 706 724 738 747 759 762 764 773 799 803 851 865 874 879 890 891 921 939 946 953 961 980 984 987 
9 60 72 167 209 218 247 249 251 261 267 298 327 329 355 374 398 412 435 438 465 475 529 539 549 555 560 570 572 605 619 647 669 672 690 710 720 722 727 735 753 757 765 788 808 811 812 819 826 882 886 909 914 939 952 971 988 999 1000 
12 21 33 58 82 94 102 113 116 152 201 203 205 223 225 232 240 252 264 299 306 328 331 341 343 346 354 365 386 400 406 417 440 442 446 448 457 471 472 487 499 520 527 529 537 561 563 568 573 574 584 586 587 590 593 603 625 642 658 662 663 664 665 684 727 737 744 756 759 767 774 786 788 798 802 807 820 822 836 842 849 891 919 922 931 936 942 949 970 974 989 
1 6 7 26 27 51 77 78 90 91 99 108 126 127 134 159 163 165 166 170 181 184 188 195 203 205 208 233 237 249 250 253 262 272 283 294 296 297 303 305 308 337 352 361 371 373 376 379 389 405 409 427 449 451 452 454 456 480 488 497 508 510 516 538 557 558 575 594 595 613 618 627 630 635 648 651 668 676 702 709 713 718 725 730 731 748 755 767 769 772 773 775 781 792 816 827 829 833 848 852 854 871 879 881 891 893 902 911 916 925 932 935 939 950 969 973 978 982 990 
31 33 34 37 38 43 57 75 83 103 114 132 134 140 144 147 184 216 222 229 234 236 242 252 264 270 280 284 285 289 299 309 343 351 362 364 372 379 382 386 391 394 399 400 406 413 417 432 437 440 441 455 457 458 482 484 488 496 499 535 563 573 581 586 593 620 622 658 662 665 684 697 708 712 733 737 744 750 756 769 783 786 808 820 842 862 863 871 887 909 911 918 925 931 942 968 985 
